geneId	readCount	Coverage	FPKM	TPM
KLLA0_C11473g	142	4.191391	47.027664	52.660923
KLLA0_B08063g	397	4.990617	55.995026	62.702454
KLLA0_F23353g	621	37.386524	419.479095	469.726868
KLLA0_F08206g	73	1.460072	16.382099	18.344444
ENSRNAG049935367	1	0.136986	1.536991	1.721102
KLLA0_D13068g	116	2.245254	25.191891	28.209526
KLLA0_B12892g	36	0.962194	10.795877	12.089071
KLLA0_F19316g	12	0.296627	3.328173	3.726842
KLLA0_F07447g	467	8.121243	91.120842	102.035851
KLLA0_B08591g	52	0.622993	6.990020	7.827327
KLLA0_C10681g	7	0.255319	2.864695	3.207845
KLLA0_C13475g	111	2.075991	23.292746	26.082891
KLLA0_D13750g	16	1.084722	12.170649	13.628522
KLLA0_E00727g	263	2.417208	27.121223	30.369968
KLLA0_F10505g	657	13.730217	154.053879	172.507385
KLLA0_E07481g	331	39.293705	440.877808	493.688812
KLLA0_F19470g	12	0.394422	4.425439	4.955545
KLLA0_C01826g	36	0.819856	9.198834	10.300727
KLLA0_F10307g	310	14.152329	158.790009	177.810837
KLLA0_D12496g	603	14.611983	163.947357	183.585953
KLLA0_E02311g	326	13.219298	148.321335	166.088165
KLLA0_E23079g	42	0.959652	10.767355	12.057134
KLLA0_E20659g	80	2.500000	28.050154	31.410172
KLLA0_D01771g	176	9.794536	109.895294	123.059227
KLLA0_D02772g	80	2.922078	32.785896	36.713188
KLLA0_E09219g	62	3.937107	44.174583	49.466084
KLLA0_E12035g	105	3.303483	37.065285	41.505188
KLLA0_D09845r	0	0.0	0.0	0.0
KLLA0_C02189g	190	2.334299	26.190981	29.328293
KLLA0_C00803g	20	0.763416	8.565575	9.591611
KLLA0_D09284g	8	1.156156	12.972140	14.526024
KLLA0_F14927g	52	0.847637	9.510539	10.649770
KLLA0_E08889g	253	11.876612	133.256317	149.218567
KLLA0_E07217g	60	3.675121	41.235085	46.174473
KLLA0_C00671g	10	0.423923	4.756442	5.326198
KLLA0_A09867g	100	4.690674	52.629646	58.933952
ENSRNAG049935318	10	2.548718	28.596773	32.022266
KLLA0_D06611g	605	11.371313	127.586838	142.869965
KLLA0_C06952g	390	23.127039	259.486786	290.569702
KLLA0_D09394g	17	0.354063	3.972609	4.448472
KLLA0_C03696g	12	0.327731	3.677162	4.117635
KLLA0_F06182g	262	9.665942	108.452469	121.443558
KLLA0_B06094g	66	3.096030	34.737648	38.898735
KLLA0_B08415g	55	7.584700	85.100800	95.294693
KLLA0_C16797g	204	3.525994	39.561871	44.300831
KLLA0_D01639g	18	0.787958	8.840938	9.899959
KLLA0_D11418g	49	1.210552	13.582467	15.209458
KLLA0_D12782g	26	1.864092	20.915228	23.420580
KLLA0_F09449g	90	2.656811	29.809584	33.380356
KLLA0_C04367g	320	16.970833	190.413788	213.222702
ENSRNAG049935310	1	0.277778	3.116686	3.490022
KLLA0_F06941g	21	0.563127	6.318319	7.075166
KLLA0_F02662g	106	7.080052	79.438614	88.954262
KLLA0_F25454g	45	4.335227	48.641514	54.468090
KLLA0_E12123g	718	66.983513	751.559143	841.585449
KLLA0_F01661g	52	1.271802	14.269696	15.979008
KLLA0_A01496g	209	17.993233	201.885178	226.068207
KLLA0_E19757g	13	0.482456	5.413186	6.061610
KLLA0_E03147g	62	1.810593	20.314966	22.748415
KLLA0_A07062g	314	9.144902	102.606369	114.897179
KLLA0_F19877r	0	0.0	0.0	0.0
KLLA0_C04510g	260	22.296297	250.165833	280.132233
KLLA0_E12871g	755	100.161461	1123.817749	1258.435547
KLLA0_F27819g	176	13.296295	149.185242	167.055557
KLLA0_C15609g	1172	176.221237	1977.213135	2214.055664
ENSRNAG049935372	0	0.0	0.0	0.0
KLLA0_F13486g	16	0.957576	10.744061	12.031051
KLLA0_E03499g	13	0.435897	4.890791	5.476640
KLLA0_F18216g	94	2.233662	25.061825	28.063883
KLLA0_F26543r	0	0.000000	0.000000	0.000000
KLLA0_D07051g	21	1.051440	11.797221	13.210364
KLLA0_A01782g	174	5.571518	62.512775	70.000938
KLLA0_B06479g	31	1.743929	19.566992	21.910845
KLLA0_D01408g	184	6.008992	67.421265	75.497391
KLLA0_F08525g	5	0.155196	1.741309	1.949893
ENSRNAG049935385	6	1.462857	16.413345	18.379436
KLLA0_A04125g	195	5.611678	62.963375	70.505508
KLLA0_A04587g	56	2.185228	24.518393	27.455355
KLLA0_F16753g	3600	125.385246	1406.830200	1575.348877
KLLA0_D03058g	302	3.652877	40.985504	45.894997
KLLA0_E08141g	205	9.404505	105.519127	118.158844
KLLA0_D04488g	53	3.017957	33.861664	37.917820
KLLA0_F08327g	119	3.342731	37.505650	41.998302
KLLA0_E20439g	21	4.200803	47.133266	52.779179
ENSRNAG049935424	2032	256.511169	2878.071045	3222.823975
KLLA0_E15137g	3260	426.223083	4782.249023	5355.096191
KLLA0_C07909g	92	9.923077	111.337540	124.674225
KLLA0_C00506g	8	0.406848	4.564859	5.111666
KLLA0_A07128g	24	0.743980	8.347501	9.347416
KLLA0_A05700g	121	23.295454	261.376434	292.685699
KLLA0_F25146g	504	10.612556	119.073540	133.336884
KLLA0_C17292g	22	0.192733	2.162476	2.421511
KLLA0_F04741g	90	3.218003	36.106190	40.431210
KLLA0_E04819g	150	5.528261	62.027431	69.457451
KLLA0_C01067g	314	7.359540	82.574493	92.465767
KLLA0_F18150g	15	1.044540	11.719804	13.123673
KLLA0_F11187g	238	11.164359	125.264793	140.269775
KLLA0_C14762g	59	2.682927	30.102604	33.708481
ENSRNAG049935381	1	0.083333	0.935001	1.047002
KLLA0_C11957g	88	21.051643	236.200745	264.494293
KLLA0_B07711g	6	0.182540	2.048110	2.293445
KLLA0_E17183g	45	1.582985	17.761190	19.888733
KLLA0_D06501g	12	0.952145	10.683125	11.962815
KLLA0_D15356g	272	7.376534	82.765167	92.679283
KLLA0_D12166g	77	5.633621	63.209576	70.781204
KLLA0_D00484g	136	2.290215	25.696352	28.774418
KLLA0_E16633g	0	0.0	0.0	0.0
KLLA0_A04686r	1	0.083333	0.935001	1.047002
KLLA0_B05159g	31	1.319933	14.809731	16.583729
KLLA0_F07469g	249	4.255791	47.750237	53.470051
KLLA0_F11055r	0	0.0	0.0	0.0
KLLA0_C08437g	38	4.315559	48.420837	54.220982
KLLA0_A06512g	547	15.483889	173.730179	194.540649
KLLA0_B03718g	291	17.081892	191.659882	214.618073
KLLA0_F12562g	12	0.278487	3.124641	3.498930
KLLA0_B14366g	65	2.227427	24.991869	27.985546
KLLA0_E03389r	20	8.642521	96.969620	108.585228
ENSRNAG049935512	2	1.208333	13.557571	15.181579
KLLA0_E00419g	102	2.162264	24.260736	27.166834
KLLA0_F22198g	140	3.074556	34.496708	38.628933
KLLA0_A09273r	1	0.201389	2.259597	2.530265
KLLA0_B10648g	50	7.198276	80.765099	90.439636
KLLA0_C02541g	113	7.047970	79.078651	88.551178
KLLA0_F10615g	100	4.563342	51.200981	57.334141
KLLA0_E07173g	21	1.114316	12.502694	14.000342
KLLA0_C10296g	51	2.032617	22.806089	25.537941
KLLA0_D04884g	3	0.151515	1.700008	1.903645
KLLA0_A00220g	1661	174.255142	1955.153442	2189.353516
KLLA0_F18722g	49	3.030750	34.005199	38.078552
KLLA0_D19041g	257	7.112921	79.807411	89.367226
KLLA0_A10351g	3	0.221252	2.482461	2.779825
KLLA0_A02145g	10	0.673333	7.554838	8.459802
KLLA0_B00517g	13	1.000000	11.220061	12.564069
KLLA0_E17997g	153	7.304307	81.954773	91.771812
KLLA0_D19941g	153	4.247821	47.660812	53.369915
KLLA0_C09130g	34	2.267473	25.441185	28.488688
KLLA0_C00616g	115	12.842105	144.089203	161.349091
KLLA0_F23485g	374	9.983752	112.018318	125.436546
KLLA0_E02421g	1239	88.836853	996.754944	1116.152344
KLLA0_F10087g	171	2.895086	32.483044	36.374058
KLLA0_B03696r	0	0.0	0.0	0.0
KLLA0_E02971g	417	12.812198	143.753647	160.973343
KLLA0_C10571g	1270	18.321449	205.567780	230.191956
KLLA0_E22331g	270	32.023312	359.303528	402.343079
KLLA0_E23717g	600	5.435432	60.985882	68.291138
KLLA0_D01243g	9	0.443376	4.974706	5.570607
KLLA0_C01870g	568	108.464424	1216.977539	1362.754517
KLLA0_F19426g	151	11.797235	132.365707	148.221268
KLLA0_A08360g	41	1.627358	18.259056	20.446238
KLLA0_F01551g	217	9.506014	106.658066	119.434212
KLLA0_F26378g	54	2.428061	27.242992	30.506325
KLLA0_B04356g	88	2.701691	30.313139	33.944233
KLLA0_A10175g	830	23.822636	267.291443	299.309235
KLLA0_E03169g	89	2.766973	31.045607	34.764439
KLLA0_F16841g	336	23.974791	268.998627	301.220917
KLLA0_C00913g	341	12.171929	136.569794	152.928955
KLLA0_F19371g	682	143.028809	1604.792114	1797.023926
KLLA0_A00891g	26	1.419712	15.929256	17.837358
KLLA0_F25278g	58	4.380741	49.152184	55.039932
KLLA0_C12045r	0	0.000000	0.000000	0.000000
KLLA0_C17512g	51	0.966405	10.843123	12.141979
KLLA0_E07349g	114	4.081387	45.793415	51.278828
KLLA0_E05413g	92	2.069316	23.217854	25.999027
KLLA0_D02156g	320	10.408684	116.786072	130.775421
KLLA0_D00352g	39	3.750958	42.085979	47.127293
KLLA0_E16677g	33	1.816993	20.386774	22.828825
KLLA0_C09548g	49	1.810890	20.318296	22.752146
KLLA0_C10142g	716	63.642235	714.069824	799.605408
KLLA0_E02465g	90	17.740311	199.047379	222.890472
KLLA0_E12981g	43	2.319310	26.022799	29.139971
KLLA0_C07194g	314	17.871365	200.517807	224.537048
KLLA0_D11814g	108	3.084175	34.604633	38.749786
KLLA0_E19999g	164	5.449247	61.140884	68.464714
ENSRNAG049935483	1	0.238889	2.680349	3.001418
KLLA0_C04752g	17	2.017284	22.634050	25.345293
KLLA0_D13002g	510	25.096619	281.585602	315.315643
KLLA0_B05786g	109	7.826951	87.818871	98.338348
KLLA0_D08932g	2073	126.280762	1416.877930	1586.600098
KLLA0_D08514g	121	4.986106	55.944416	62.645779
KLLA0_C08657g	37	0.869525	9.756124	10.924772
KLLA0_F01925g	97	3.839938	43.084343	48.245247
KLLA0_C19085g	31	1.512219	16.967190	18.999624
KLLA0_E09351g	201	16.031300	179.872162	201.418350
KLLA0_D14905g	13	0.373239	4.187765	4.689401
ENSRNAG049935452	15	1.404314	15.756490	17.643898
KLLA0_E02707g	282	7.577004	85.014450	95.197998
KLLA0_E18195g	158	2.363610	26.519852	29.696558
KLLA0_A07150g	8	0.701571	7.871670	8.814587
KLLA0_C06160g	7	0.912568	10.239069	11.465567
KLLA0_E08603g	1993	205.244446	2302.855469	2578.705322
KLLA0_D06787g	20	0.745995	8.370110	9.372732
KLLA0_B06206r	2	1.005347	11.280055	12.631248
KLLA0_B13046g	73	6.011382	67.448082	75.527420
KLLA0_E13267g	1	0.040284	0.451989	0.506131
KLLA0_D07700g	1861	167.370377	1877.905884	2102.853027
KLLA0_C04994g	86	2.399015	26.917095	30.141390
KLLA0_B09262g	234	4.208422	47.218754	52.874905
KLLA0_F25520g	58	2.294025	25.739101	28.822289
KLLA0_F01298g	261	11.249577	126.220947	141.340454
KLLA0_D19957g	62	5.947935	66.736198	74.730263
KLLA0_F25784g	13	0.309489	3.472486	3.888441
KLLA0_B11209g	207	9.679523	108.604851	121.614189
KLLA0_F09812g	84	5.443590	61.077415	68.393639
KLLA0_F07931g	69	2.382213	26.728579	29.930288
KLLA0_C10164g	152	20.391535	228.794281	256.200623
KLLA0_C03432g	59	1.252094	14.048573	15.731395
KLLA0_D05797g	80	5.059701	56.770153	63.570431
KLLA0_E24575g	13	0.364042	4.084574	4.573849
KLLA0_D08690g	60	6.710817	75.295776	84.315163
KLLA0_F16401g	31	3.502252	39.295483	44.002537
KLLA0_A03619g	76	2.486783	27.901857	31.244112
KLLA0_D10527g	17	0.421569	4.730030	5.296622
KLLA0_D15378g	84	1.636398	18.360485	20.559816
KLLA0_E18261g	290	28.954903	324.875793	363.791382
KLLA0_F03641g	1341	150.874176	1692.817505	1895.593506
KLLA0_E24377g	343	13.073408	146.684448	164.255203
KLLA0_E01167g	57	1.986806	22.292086	24.962368
KLLA0_A05544g	1983	33.938232	380.789062	426.402283
KLLA0_A07271g	4261	397.996338	4465.543457	5000.453613
KLLA0_F24354g	34	1.467185	16.461906	18.433813
KLLA0_A01452g	1215	33.970943	381.156097	426.813263
KLLA0_E08383g	272	6.552719	73.521912	82.328812
KLLA0_C02695g	192	4.731198	53.084332	59.443096
KLLA0_C14498g	347	6.368610	71.456192	80.015656
KLLA0_F18414g	5	0.273731	3.071279	3.439175
KLLA0_D14784r	1	0.222222	2.493345	2.792012
KLLA0_B14388g	142	3.850905	43.207390	48.383034
KLLA0_F27313g	952	85.128067	955.142151	1069.554810
KLLA0_E19185g	321	9.278345	104.103607	116.573761
KLLA0_F15807g	211	3.864943	43.364899	48.559410
KLLA0_C06996g	1	0.028919	0.324473	0.363340
KLLA0_C03652g	513	12.336638	138.417831	154.998367
KLLA0_A11154r	1	0.270928	3.039829	3.403958
KLLA0_F03179g	4	0.549645	6.167051	6.905777
KLLA0_A11462g	94	6.184176	69.386841	77.698410
KLLA0_D07282g	1679	63.260902	709.791199	794.814331
KLLA0_E24333g	75	3.238338	36.334351	40.686703
KLLA0_E04973g	159	9.496479	106.551079	119.314415
KLLA0_C05280r	0	0.0	0.0	0.0
KLLA0_E19273g	387	18.828081	211.252228	236.557312
KLLA0_E04423g	90	3.529138	39.597149	44.340332
KLLA0_E18613g	487	22.056889	247.479645	277.124268
KLLA0_E03015g	27	0.744715	8.355747	9.356650
KLLA0_B10032g	133	11.702936	131.307663	147.036499
KLLA0_E08251g	5	1.022831	11.476227	12.850918
KLLA0_D02178g	65	3.849765	43.194603	48.368713
KLLA0_A06083g	90	7.695432	86.343224	96.685936
KLLA0_D08305g	4	0.264706	2.970017	3.325784
KLLA0_F25256g	130	11.129630	124.875130	139.833435
KLLA0_E12717g	23	0.844146	9.471370	10.605908
KLLA0_D11990g	49	2.691803	30.202194	33.820000
KLLA0_E01013g	448	9.812043	110.091721	123.279182
KLLA0_B10494r	0	0.0	0.0	0.0
KLLA0_C00154g	2	0.125715	1.410530	1.579492
KLLA0_C03069g	604	49.536236	555.799622	622.376648
KLLA0_D14036g	7	0.239969	2.692467	3.014987
KLLA0_B02563g	21	0.424392	4.761704	5.332090
KLLA0_A11374g	198	5.384780	60.417561	67.654747
KLLA0_B04378g	366	9.018384	101.186829	113.307594
KLLA0_E09175g	100	2.642596	29.650091	33.201759
KLLA0_D12452g	57	8.342029	93.598076	104.809822
KLLA0_E14983g	20	1.106982	12.420406	13.908198
KLLA0_F26356g	45	1.951157	21.892101	24.514471
KLLA0_E03257g	186	10.365027	116.296242	130.226913
KLLA0_D09526g	54	4.143731	46.492920	52.062122
KLLA0_A05951g	73	4.276423	47.981728	53.729271
KLLA0_D13728g	239	9.469309	106.246231	118.973053
KLLA0_D12188g	123	3.208718	36.002014	40.314552
KLLA0_A01199g	7	0.253333	2.842412	3.182893
KLLA0_E13905g	19	0.538104	6.037560	6.760776
KLLA0_A05093g	1066	68.849174	772.491943	865.025757
KLLA0_F02475g	439	17.314772	194.272797	217.543991
KLLA0_E11903g	1969	125.324593	1406.149658	1574.586792
KLLA0_E19361g	46	6.218667	69.773827	78.131760
KLLA0_E23981g	61	3.199793	35.901875	40.202419
KLLA0_E16809r	0	0.0	0.0	0.0
KLLA0_E12079g	633	50.010849	561.124817	628.339722
KLLA0_A04928g	143	2.801624	31.434395	35.199795
KLLA0_C04796g	102	4.864023	54.574638	61.111919
KLLA0_D17894r	6	1.882516	21.121944	23.652060
KLLA0_E21033g	762	13.184997	147.936478	165.657211
KLLA0_F24112g	12	0.478817	5.372356	6.015890
KLLA0_D03883g	66	2.258130	25.336359	28.371300
KLLA0_C06490g	13	1.159649	13.011333	14.569910
KLLA0_B11924g	59	0.699693	7.850599	8.790991
KLLA0_D19580g	89	1.994260	22.375719	25.056019
KLLA0_B04862g	39	1.649079	18.502768	20.719141
KLLA0_C14894g	5	0.518987	5.823066	6.520588
KLLA0_A06303g	322	19.080420	214.083481	239.727707
KLLA0_C02233g	42	1.432856	16.076733	18.002501
KLLA0_E23035g	8	0.392638	4.405422	4.933131
KLLA0_B10604g	65	0.961821	10.791691	12.084385
KLLA0_F22649g	3	0.237179	2.661163	2.979933
ENSRNAG049935394	94	22.917875	257.139984	287.941772
KLLA0_B09614r	1	0.062500	0.701254	0.785254
KLLA0_D02222g	359	9.524257	106.862747	119.663422
KLLA0_A03509g	35	0.753325	8.452353	9.464828
KLLA0_D04466g	19	0.826425	9.272540	10.383261
KLLA0_E04313g	251	7.283761	81.724251	91.513672
KLLA0_F27423g	91	2.995452	33.609154	37.635063
KLLA0_A02255g	19	0.265896	2.983370	3.340736
KLLA0_F16236g	164	8.083333	90.695496	101.559555
KLLA0_F27973g	130	9.396011	105.423820	118.052132
KLLA0_E02443g	5	0.256604	2.879112	3.223990
KLLA0_D01221g	57	1.682540	18.878202	21.139547
KLLA0_D00396g	2	0.089319	1.002165	1.122210
KLLA0_B06281r	0	0.0	0.0	0.0
KLLA0_D04620r	0	0.0	0.0	0.0
KLLA0_D10131g	190	6.950431	77.984261	87.325691
KLLA0_C17820g	13	0.323575	3.630531	4.065419
KLLA0_A10219g	66	2.322829	26.062284	29.184183
KLLA0_B13134g	117	3.506572	39.343956	44.056812
KLLA0_F13838g	3	0.074017	0.830475	0.929955
KLLA0_F02596g	95	2.438543	27.360603	30.638021
KLLA0_B13761g	543	25.608332	287.327057	321.744843
KLLA0_E01497g	162	7.845714	88.029396	98.574089
KLLA0_D01265g	15	1.192308	13.377769	14.980240
KLLA0_F10241g	24	2.301318	25.820929	28.913918
ENSRNAG049935386	2	0.776860	8.716416	9.760523
KLLA0_E20593g	11	1.472000	16.515930	18.494308
KLLA0_B06996r	2	0.689197	7.732833	8.659119
KLLA0_A05203g	35	1.326453	14.882884	16.665648
KLLA0_F18062g	262	30.040541	337.056732	377.431396
KLLA0_C12397g	50	3.533052	39.641060	44.389507
KLLA0_E23871g	364	7.601965	85.294518	95.511612
KLLA0_F14234g	46	0.723631	8.119184	9.091749
KLLA0_C15037g	73	2.429043	27.254011	30.518663
KLLA0_A05115g	97	3.184397	35.729130	40.008984
KLLA0_C10252g	53	4.125382	46.287041	51.831585
KLLA0_C08041g	29	0.850435	9.541933	10.684924
KLLA0_E21385g	423	33.554516	376.483734	421.581238
KLLA0_B11770g	66	5.330159	59.804714	66.968483
KLLA0_B12738g	34	0.870005	9.761510	10.930802
KLLA0_B11099g	32	0.565217	6.341770	7.101425
KLLA0_C12287g	2	0.092199	1.034478	1.158395
KLLA0_C09504g	107	5.226054	58.636650	65.660500
KLLA0_C12595g	8	0.429342	4.817244	5.394282
KLLA0_C16896g	70	2.252218	25.270025	28.297022
KLLA0_A06820g	242	5.309185	59.569382	66.704964
KLLA0_E23123g	181	12.427800	139.440689	156.143738
KLLA0_D19745g	197	7.759474	87.061775	97.490562
KLLA0_F17798g	78	4.163522	46.714970	52.310772
KLLA0_C09713g	39	1.451902	16.290430	18.241796
KLLA0_C18172g	10	1.076253	12.075625	13.522117
KLLA0_F22792g	4094	575.077148	6452.400879	7225.308594
KLLA0_E24685g	86	7.850451	88.082542	98.633606
KLLA0_E06711g	7	0.147619	1.656294	1.854695
KLLA0_E18503g	524	13.667179	153.346603	171.715378
KLLA0_C03047g	452	27.725632	311.083282	348.346741
KLLA0_C02277g	577	21.027182	235.926285	264.186951
KLLA0_A00132g	105	3.513218	39.418522	44.140312
KLLA0_F21054g	317	50.723270	569.118225	637.290649
KLLA0_C12023g	50	4.059295	45.545544	51.001266
KLLA0_F14795g	36	0.995563	11.170278	12.508322
KLLA0_F18128g	20	0.469802	5.271207	5.902625
ENSRNAG049935449	9	4.318296	48.451550	54.255367
KLLA0_E21605g	1103	53.572380	601.085388	673.087036
KLLA0_E01739g	9	0.337029	3.781487	4.234456
KLLA0_B06160r	0	0.0	0.0	0.0
KLLA0_E21077g	16	0.604560	6.783200	7.595733
KLLA0_B06435g	45	0.787629	8.837246	9.895824
KLLA0_E10473g	308	10.457334	117.331932	131.386658
KLLA0_C10835g	13	0.721476	8.095006	9.064674
KLLA0_E17865g	33	1.887006	21.172325	23.708473
KLLA0_F05632g	56	2.306306	25.876894	28.976587
KLLA0_E06491g	85	1.984890	22.270588	24.938295
KLLA0_E02003g	81	1.371628	15.389751	17.233229
KLLA0_C02409g	8	0.312183	3.502712	3.922289
KLLA0_D02948g	38	1.084467	12.167788	13.625318
KLLA0_C07777g	23	0.735275	8.249830	9.238046
KLLA0_D06083g	1	0.145299	1.630264	1.825547
KLLA0_F12298g	9921	749.570374	8410.225586	9417.653320
KLLA0_C17534g	12	0.200133	2.245504	2.514485
KLLA0_D11462g	59	0.917892	10.298804	11.532458
KLLA0_F26818g	1334	302.333344	3392.198486	3798.536865
KLLA0_F03949g	315	11.217787	125.864258	140.941040
KLLA0_A05324g	45	0.523513	5.873848	6.577454
KLLA0_F06402g	1114	62.459846	700.803345	784.749817
KLLA0_B07084g	144	4.205040	47.180805	52.832413
KLLA0_C08778g	23	0.701564	7.871592	8.814498
KLLA0_F16038g	173	3.398609	38.132603	42.700356
KLLA0_D17160g	107	17.966997	201.590820	225.738602
KLLA0_E17821g	169	5.823848	65.343933	73.171227
KLLA0_D02090g	263	7.394140	82.962700	92.900482
ENSRNAG049935442	7	4.062500	45.581501	51.041531
KLLA0_D05951g	17	0.417539	4.684813	5.245989
KLLA0_E15555g	276	6.098653	68.427261	76.623894
KLLA0_B14729g	16	0.544492	6.109234	6.841035
KLLA0_C13431g	44	2.226950	24.986515	27.979553
KLLA0_F20251g	187	14.775194	165.778595	185.636551
KLLA0_A01297g	7	0.826291	9.271036	10.381577
KLLA0_F13970g	45	2.454940	27.544580	30.844034
KLLA0_F13420g	52	0.651209	7.306605	8.181834
KLLA0_C06908g	100	7.353712	82.509102	92.392540
ENSRNAG049935393	1	0.136451	1.530989	1.714380
KLLA0_E12167g	117	30.420513	341.320038	382.205444
KLLA0_E15357g	51	0.388814	4.362517	4.885086
KLLA0_D08459g	36	0.796272	8.934221	10.004416
KLLA0_F00660g	2174	26.872002	301.505524	337.621674
KLLA0_C09779g	272	21.244240	238.361679	266.914093
KLLA0_D11374g	1117	71.385963	800.954895	896.898132
KLLA0_E09945g	1231	183.459061	2058.421875	2304.992188
KLLA0_C04323g	3	0.208333	2.337509	2.617510
KLLA0_F23551g	95	1.467398	16.464296	18.436489
KLLA0_C06721g	4	0.185841	2.085147	2.334919
KLLA0_D14828g	0	0.0	0.0	0.0
KLLA0_D13398g	2443	31.332581	351.553497	393.664703
KLLA0_F20383g	5	1.063725	11.935060	13.364714
KLLA0_F23133g	1323	31.979137	358.807892	401.788086
ENSRNAG049935491	3	1.032020	11.579328	12.966371
KLLA0_C13651g	100	2.976023	33.391163	37.390957
KLLA0_C10714g	919	25.976152	291.454041	326.366150
KLLA0_E04379g	14	0.318721	3.576069	4.004433
KLLA0_D16676g	511	53.208588	597.003662	668.516357
KLLA0_E02157g	7	0.954301	10.707315	11.989903
KLLA0_E06887g	1318	53.442322	599.626160	671.453003
KLLA0_D10780g	140	13.490530	151.364578	169.495941
KLLA0_F14553g	15	0.669312	7.509722	8.409282
KLLA0_B10153g	500	31.715174	355.846222	398.471619
KLLA0_D15961g	38	0.670183	7.519494	8.420225
KLLA0_A09823g	853	10.978283	123.177010	137.931900
KLLA0_F01485g	9	0.851852	9.557832	10.702727
KLLA0_C12419g	13	1.784483	20.022009	22.420366
KLLA0_D13288g	0	0.0	0.0	0.0
KLLA0_C18799g	245	8.408907	94.348450	105.650085
KLLA0_E14609g	244	6.456771	72.445366	81.123314
KLLA0_E01717g	840	26.423456	296.472809	331.986115
KLLA0_B08283g	6	0.267857	3.005372	3.365374
KLLA0_E12013g	340	7.098401	79.644501	89.184799
KLLA0_A06534g	30	1.133792	12.721216	14.245041
KLLA0_C06765g	3	0.096226	1.079662	1.208990
KLLA0_D01452g	250	2.935454	32.935974	36.881245
KLLA0_A07755g	64	5.430976	60.935886	68.235153
KLLA0_D10978g	150	9.351784	104.927589	117.496460
KLLA0_C16918g	44	2.380493	26.709276	29.908678
KLLA0_F03080g	181	15.723077	176.413895	197.545822
KLLA0_A07018g	4	0.326316	3.661286	4.099857
KLLA0_E14389g	127	4.487822	50.353638	56.385303
KLLA0_E05897g	30	0.711018	7.977666	8.933279
KLLA0_D07722g	143	14.165692	158.939941	177.978729
KLLA0_D03278g	17	0.720346	8.082326	9.050477
KLLA0_A05797g	78	6.555555	73.553726	82.364441
KLLA0_F20603g	3	0.827778	9.287720	10.400260
KLLA0_C07733g	24	0.408537	4.583810	5.132887
KLLA0_A08690g	1	0.018162	0.203779	0.228189
KLLA0_E22463g	94	2.184828	24.513906	27.450329
KLLA0_A10527g	65	6.001822	67.340813	75.407303
KLLA0_F00836g	70	3.195867	35.857826	40.153091
KLLA0_B10890g	30	0.972542	10.911982	12.219085
KLLA0_E07855g	70	1.773434	19.898039	22.281548
KLLA0_D09064g	42	2.291939	25.715698	28.796080
KLLA0_A04015g	313	3.951637	44.337612	49.648640
KLLA0_C11649g	1	0.068340	0.766779	0.858628
KLLA0_E13245r	34	17.672680	198.288559	222.040771
KLLA0_F21626g	13	0.597222	6.700867	7.503538
KLLA0_E11309g	0	0.0	0.0	0.0
KLLA0_F12518g	1703	144.750000	1624.103882	1818.648926
KLLA0_D19140g	28	5.367816	60.227230	67.441612
KLLA0_B14861g	284	8.185374	91.840401	102.841606
KLLA0_E01079g	250	10.237520	114.865601	128.624908
KLLA0_E21737g	95	5.500573	61.716770	69.109581
KLLA0_F19950r	5	2.176471	24.420139	27.345331
KLLA0_E16193g	192	5.839307	65.517380	73.365456
KLLA0_E06161g	72	5.937909	66.623711	74.604294
KLLA0_E17403g	516	35.654472	400.045380	447.965240
KLLA0_D07216g	413	5.482669	61.515884	68.884628
KLLA0_F14487g	176	9.858086	110.608330	123.857674
KLLA0_E18679g	12	0.419090	4.702216	5.265476
KLLA0_E15621g	182	3.460015	38.821583	43.471867
ENSRNAG049935506	0	0.0	0.0	0.0
KLLA0_D05115g	35	4.933333	55.352299	61.982735
KLLA0_D12848g	35	1.734314	19.459110	21.790041
KLLA0_F14190g	84	1.059995	11.893210	13.317850
KLLA0_E07965g	30	1.300938	14.596604	16.345074
KLLA0_C00935g	2562	573.057007	6429.734863	7199.927734
KLLA0_B04136g	63	1.579472	17.721773	19.844595
ENSRNAG049935326	1	0.268421	3.011700	3.372460
KLLA0_F27379g	1679	95.755035	1074.377441	1203.072754
KLLA0_F03355g	13	0.731982	8.212883	9.196672
KLLA0_D00258g	0	0.0	0.0	0.0
KLLA0_B00166g	1	0.151412	1.698852	1.902351
KLLA0_E11089g	16	0.856823	9.613607	10.765183
KLLA0_E19845g	67	1.911186	21.443624	24.012272
KLLA0_D10824g	552	18.494411	207.508423	232.365067
KLLA0_D00209g	4	0.443122	4.971856	5.567415
KLLA0_F04477g	471	7.864768	88.243179	98.813484
KLLA0_D13464g	256	10.010753	112.321266	125.775787
KLLA0_D00726g	50	1.476860	16.570461	18.555370
KLLA0_B05445g	284	4.902100	55.001865	61.590321
KLLA0_C14718g	2	0.059441	0.666932	0.746821
KLLA0_B12078g	46	2.994852	33.602425	37.627525
ENSRNAG049935495	0	0.0	0.0	0.0
KLLA0_E05435g	4	0.163904	1.839013	2.059301
KLLA0_F14344g	9	0.527485	5.918415	6.627358
KLLA0_C18260g	251	18.502899	207.603668	232.471710
KLLA0_F09911g	1498	15.382679	172.594604	193.269043
KLLA0_D15851g	13	0.635729	7.132919	7.987343
KLLA0_D12210g	44	0.696626	7.816186	8.752457
KLLA0_E15665g	1	0.087912	0.986378	1.104532
KLLA0_E12497g	10	0.253333	2.842412	3.182893
KLLA0_F00242g	1858	74.656021	837.645142	937.983398
KLLA0_F04653g	60	4.724299	53.006924	59.356419
ENSRNAG049935407	0	0.0	0.0	0.0
ENSRNAG049935330	1	0.118055	1.324584	1.483251
KLLA0_B08107g	6	0.397279	4.457495	4.991441
KLLA0_E07921g	332	6.280506	70.467667	78.908707
KLLA0_B03762g	1090	23.961189	268.846008	301.050049
KLLA0_F21670g	32	1.813424	20.346729	22.783983
KLLA0_C13794g	624	8.155897	91.509674	102.471252
KLLA0_F22770r	0	0.0	0.0	0.0
KLLA0_A01221g	378	7.352043	82.490372	92.371574
KLLA0_A00396g	289	4.845344	54.365063	60.877235
KLLA0_B06908r	0	0.0	0.0	0.0
KLLA0_F14663g	570	14.431694	161.924500	181.320801
KLLA0_F15246g	2	0.236111	2.649180	2.966515
KLLA0_E05655g	361	10.613610	119.085365	133.350128
KLLA0_A01848g	37	0.947884	10.635317	11.909280
KLLA0_B06622g	105	3.495743	39.222450	43.920753
ENSRNAG049935459	1	0.130137	1.460145	1.635050
KLLA0_D15136g	269	2.863362	32.127098	35.975475
KLLA0_F06468g	2421	170.001373	1907.425781	2135.908936
KLLA0_B00451g	110	4.801033	53.867889	60.320507
ENSRNAG049935338	1	0.455357	5.109134	5.721137
KLLA0_D03454g	23	0.605016	6.788317	7.601463
KLLA0_D06303g	48	3.998342	44.861645	50.235443
KLLA0_A00286g	212	2.939864	32.985455	36.936653
KLLA0_B01738g	109	3.004336	33.708836	37.746685
KLLA0_F04433g	2	0.041063	0.460729	0.515918
KLLA0_D04928g	14	0.466533	5.234529	5.861553
KLLA0_D19228g	141	3.384181	37.970718	42.519081
KLLA0_F02112r	7	2.277372	25.552254	28.613058
KLLA0_A03883g	0	0.000000	0.000000	0.000000
KLLA0_F15532g	196	13.415322	150.520752	168.551025
KLLA0_A05852g	332	66.231369	743.120056	832.135437
KLLA0_B08866g	34	0.942171	10.571217	11.837502
KLLA0_D05203g	19	0.891762	10.005625	11.204159
KLLA0_F25058g	29	1.404130	15.754424	17.641586
KLLA0_E13773g	66	2.322829	26.062284	29.184183
KLLA0_F13310g	459	58.586468	657.343811	736.084412
KLLA0_F11363g	181	11.275735	126.514442	141.669113
KLLA0_C02343g	8	0.227377	2.551184	2.856780
KLLA0_E22375g	47	2.525027	28.330959	31.724613
KLLA0_D03146g	135	5.954113	66.805511	74.807884
KLLA0_D02200g	275	25.519125	286.326141	320.624023
KLLA0_E06249g	57	4.478193	50.245598	56.264324
KLLA0_F13926g	6	0.132704	1.488947	1.667302
KLLA0_C04708g	36	2.254612	25.296885	28.327101
KLLA0_C01023g	35	0.920460	10.327618	11.564723
KLLA0_B02024g	134	4.312500	48.386517	54.182545
KLLA0_E12739g	27	1.021309	11.459149	12.831797
KLLA0_C19360g	341	18.302742	205.357895	229.956909
KLLA0_C03025g	54	1.182964	13.272928	14.862841
KLLA0_A10131g	149	3.493296	39.194996	43.890011
KLLA0_D10219g	54	5.702083	63.977722	71.641365
KLLA0_C00979g	207	7.244490	81.283630	91.020271
KLLA0_F07425g	79	19.656862	220.551193	246.970169
KLLA0_D06919g	104	2.015273	22.611488	25.320030
KLLA0_F07975g	463	14.475752	162.418823	181.874344
KLLA0_F27335g	804	13.292153	149.138779	167.003525
KLLA0_B08888g	22	2.077519	23.309891	26.102091
KLLA0_F27511g	181	4.924145	55.249210	61.867298
KLLA0_B09328r	1	0.152439	1.710375	1.915254
KLLA0_C10098g	140	3.887794	43.621288	48.846512
KLLA0_B01892g	255	4.317065	48.437733	54.239902
KLLA0_C08954g	54	5.170455	58.012825	64.961952
KLLA0_F20141g	4	0.173469	1.946333	2.179476
KLLA0_B01474g	276	34.148418	383.147339	429.043091
KLLA0_E24531g	659	14.096977	158.168945	177.115387
KLLA0_F08184g	81	1.791233	20.097744	22.505175
KLLA0_F19668g	221	23.034765	258.451477	289.410370
KLLA0_E15489g	157	6.017306	67.514542	75.601845
KLLA0_B12056g	29	5.124114	57.492874	64.379723
KLLA0_D17952g	11	1.648864	18.500355	20.716440
KLLA0_C06743g	72	2.373541	26.631277	29.821333
KLLA0_B14432g	290	22.684332	254.519608	285.007507
KLLA0_E18635g	0	0.0	0.0	0.0
KLLA0_F22880g	308	4.492704	50.408413	56.446644
KLLA0_E01035g	34	0.307076	3.445412	3.858124
KLLA0_B01045g	20	0.628627	7.053234	7.898113
KLLA0_D01507g	4	0.129845	1.456869	1.631381
KLLA0_B05533g	118	4.692428	52.649334	58.955990
KLLA0_E23497g	27	3.472222	38.958546	43.625237
KLLA0_E00595g	4565	117.210472	1315.108765	1472.640381
KLLA0_C10989g	38	2.700140	30.295738	33.924744
KLLA0_E00287g	421	13.948567	156.503784	175.250748
KLLA0_B07887g	47	1.120095	12.567534	14.072950
KLLA0_D02904g	46	7.722772	86.649979	97.029442
KLLA0_E04467g	52	9.528986	106.915802	119.722832
KLLA0_F14212g	37	0.979862	10.994111	12.311053
KLLA0_B09218g	85	1.038480	11.651811	13.047535
KLLA0_E05479g	40	1.108755	12.440299	13.930474
KLLA0_E00397g	126	2.687657	30.155680	33.767906
KLLA0_A07051g	0	0.000000	0.000000	0.000000
KLLA0_C16093g	59	1.568410	17.597656	19.705610
KLLA0_F21362r	0	0.000000	0.000000	0.000000
KLLA0_A01408g	31	1.833914	20.576628	23.041422
KLLA0_E09131g	151	6.820922	76.531166	85.698532
ENSRNAG049935505	3	1.972222	22.128452	24.779133
KLLA0_C03608g	203	15.216814	170.733597	191.185104
KLLA0_E03587g	152	3.968107	44.522404	49.855568
KLLA0_E03125g	193	8.881662	99.652794	111.589813
KLLA0_E04291g	46	2.887218	32.394764	36.275204
KLLA0_F26851g	796	41.094223	461.079712	516.310669
ENSRNAG049935325	1	0.201220	2.257701	2.528142
KLLA0_E19053g	83	6.390909	71.706398	80.295822
KLLA0_F02431g	48	0.836642	9.387176	10.511627
KLLA0_E01871g	3	0.215603	2.419079	2.708851
KLLA0_E19405g	267	4.991199	56.001564	62.709766
KLLA0_C07601g	237	17.440115	195.679169	219.118790
ENSRNAG049935484	119	23.599222	264.784729	296.502258
KLLA0_F11594r	0	0.000000	0.000000	0.000000
KLLA0_C05676g	284	9.408203	105.560616	118.205307
KLLA0_B13112g	53	1.223894	13.732166	15.377089
KLLA0_B05577g	59	0.819149	9.190902	10.291844
KLLA0_B00539g	37	1.113501	12.493549	13.990103
KLLA0_A04147g	690	32.282829	362.215332	405.603699
KLLA0_C07381g	308	11.147832	125.079369	140.062134
KLLA0_D15059g	6	0.272543	3.057949	3.424249
KLLA0_B10879r	43	10.841584	121.643250	136.214401
KLLA0_B07491g	155	3.750952	42.085911	47.127220
KLLA0_F08547g	40	2.156419	24.195154	27.093397
KLLA0_D13442g	82	5.895480	66.147652	74.071213
KLLA0_F01969g	290	8.199667	92.000771	103.021179
KLLA0_D12408g	135	12.338738	138.441406	155.024750
KLLA0_C15983g	455	4.079021	45.766869	51.249100
KLLA0_D12914g	106	1.200000	13.464074	15.076882
KLLA0_E13223g	53	3.150766	35.351788	39.586441
KLLA0_D08789g	298	46.015152	516.292847	578.137512
KLLA0_E23739g	68	12.280142	137.783951	154.288544
KLLA0_C03388g	424	12.404475	139.178970	155.850677
KLLA0_A04499g	556	43.922485	492.812988	551.845093
KLLA0_B03498g	5	0.460215	5.163641	5.782173
KLLA0_F25586g	39	2.071279	23.239880	26.023691
ENSRNAG049935519	418	183.752090	2061.709961	2308.674072
KLLA0_E11881g	43	2.615108	29.341675	32.856396
KLLA0_E17843g	241	3.720606	41.745430	46.745949
KLLA0_D09867g	15	0.305660	3.429524	3.840333
KLLA0_F00264g	199	10.819445	121.394836	135.936249
KLLA0_E08581g	349	21.549091	241.782120	270.744263
KLLA0_F24134g	151	2.555778	28.675987	32.110970
ENSRNAG049935496	2	0.831028	9.324185	10.441092
KLLA0_D19949g	291	26.840580	301.152954	337.226898
KLLA0_C16115g	52	0.740709	8.310801	9.306319
KLLA0_E10649g	253	6.040845	67.778648	75.897591
KLLA0_A10945g	37	1.543118	17.313879	19.387840
KLLA0_D10175g	27	2.969095	33.313427	37.303913
ENSRNAG049935379	2	0.644444	7.230701	8.096839
KLLA0_F01859g	97	9.814371	110.117851	123.308434
KLLA0_B07249g	76	1.386957	15.561744	17.425823
KLLA0_B00781g	135	25.962124	291.296631	326.189911
KLLA0_F18392g	39	1.123939	12.610665	14.121247
KLLA0_E07239g	1470	27.840580	312.373016	349.790955
KLLA0_D03520g	41	1.513100	16.977076	19.010693
KLLA0_F19558g	39	1.704663	19.126425	21.417503
KLLA0_D07414g	35	0.839311	9.417121	10.545161
KLLA0_F07007g	397	40.101189	449.937805	503.834076
KLLA0_F20790g	68	3.273674	36.730824	41.130665
KLLA0_C10879g	190	4.271164	47.922722	53.663197
KLLA0_B13629g	35	0.994292	11.156018	12.492353
KLLA0_A03245g	32	1.893668	21.247072	23.792175
KLLA0_A02607g	1933	98.084579	1100.515015	1232.341309
KLLA0_C02365g	11	0.306322	3.436952	3.848651
KLLA0_D01617g	679	20.499704	230.007935	257.559692
KLLA0_B05687g	8	0.583333	6.545032	7.329036
KLLA0_F27291g	321	15.569524	174.691010	195.616577
KLLA0_F18282g	307	6.123137	68.701973	76.931511
KLLA0_C08756g	43	1.686916	18.927301	21.194529
KLLA0_C09735g	95	2.045011	22.945150	25.693659
KLLA0_E23167g	193	9.215356	103.396858	115.782364
KLLA0_A08932g	499	28.431767	319.006165	357.218658
KLLA0_D04950g	17	1.001212	11.233661	12.579296
ENSRNAG049935501	1	0.098361	1.103616	1.235814
KLLA0_D02706g	614	25.619984	287.457794	321.891235
KLLA0_D19250g	215	10.672532	119.746475	134.090424
KLLA0_D12804g	1	0.037990	0.426250	0.477309
KLLA0_A02387g	0	0.0	0.0	0.0
KLLA0_A11814g	81	4.491749	50.397697	56.434643
KLLA0_F26961g	0	0.0	0.0	0.0
KLLA0_B04818g	590	60.771717	681.862427	763.540039
ENSRNAG049935321	0	0.0	0.0	0.0
KLLA0_D09042g	13	0.638728	7.166567	8.025023
KLLA0_A06886g	1	0.005102	0.057245	0.064102
KLLA0_E03719g	522	30.148525	338.268311	378.788147
KLLA0_A00352g	585	45.389648	509.274658	570.278687
KLLA0_A02585g	34	1.524708	17.107319	19.156536
KLLA0_D13266g	168	2.464585	27.652796	30.965216
KLLA0_C02321g	729	6.723096	75.433556	84.469437
KLLA0_B06413g	283	14.448795	162.116379	181.535660
KLLA0_B03894g	320	3.482574	39.074696	43.755299
KLLA0_D06809g	766	68.855377	772.561523	865.103699
KLLA0_F18700g	29	0.632512	7.096824	7.946924
KLLA0_F02794g	21	1.361430	15.275329	17.105101
KLLA0_C00572g	4963	118.312759	1327.476440	1486.489624
KLLA0_E14037g	107	5.275828	59.195110	66.285866
KLLA0_E23013g	20	0.998016	11.197801	12.539142
KLLA0_A00484g	2	0.044730	0.501873	0.561991
KLLA0_F19382g	8	1.657895	18.601683	20.829906
KLLA0_E09527g	14	0.317551	3.562942	3.989733
KLLA0_C12300g	17	0.770432	8.644295	9.679761
KLLA0_D03256g	50	1.017799	11.419768	12.787697
KLLA0_F24046g	16	0.428099	4.803297	5.378665
KLLA0_C10208g	2100	176.721115	1982.821777	2220.336182
KLLA0_E04511g	177	9.928493	111.398300	124.742271
KLLA0_E04335g	81	1.802372	20.222725	22.645126
KLLA0_D10956g	23	0.686486	7.702415	8.625057
KLLA0_B05709g	219	6.789538	76.179031	85.304222
KLLA0_E20417g	4	0.148407	1.665136	1.864596
KLLA0_F00528g	52	2.304537	25.857048	28.954361
ENSRNAG049935423	0	0.000000	0.000000	0.000000
KLLA0_E19691g	11	0.305604	3.428896	3.839630
KLLA0_C15873g	44	1.314001	14.743173	16.509199
KLLA0_B09790g	172	9.820946	110.191612	123.391037
KLLA0_F07315g	277	17.671679	198.277313	222.028183
KLLA0_F18018g	51	1.868841	20.968512	23.480247
KLLA0_A04884g	369	5.907233	66.279518	74.218880
KLLA0_B07161g	8	0.238869	2.680125	3.001167
KLLA0_F27467g	251	5.033136	56.472095	63.236668
KLLA0_D10351g	102	2.010853	22.561895	25.264496
KLLA0_B05060g	710	47.123699	528.730774	592.065430
KLLA0_F22473g	46	3.051181	34.234440	38.335247
KLLA0_E01981g	311	12.187067	136.739639	153.119141
KLLA0_E07943g	118	4.056911	45.518791	50.971310
KLLA0_A04169g	77	1.679983	18.849512	21.107422
KLLA0_F21274g	97	1.021834	11.465040	12.838392
KLLA0_C02057g	170	6.386549	71.657478	80.241043
KLLA0_A01804g	181	3.240310	36.356480	40.711479
KLLA0_F08569g	7	0.256696	2.880145	3.225146
KLLA0_C16203g	55	0.632532	7.097048	7.947176
KLLA0_B02827g	81	1.449275	16.260956	18.208790
KLLA0_F01947g	128	7.344594	82.406799	92.277985
KLLA0_E17029g	6	0.166343	1.866379	2.089945
KLLA0_F06116g	529	6.982893	78.348488	87.733551
KLLA0_E24817g	104	22.636753	253.985764	284.409729
KLLA0_C09328g	117	2.061934	23.135025	25.906281
KLLA0_C02849g	351	13.506425	151.542923	169.695648
KLLA0_F19602g	10	0.272075	3.052698	3.418369
KLLA0_D12716g	32	0.904362	10.146997	11.362467
KLLA0_B12650g	323	42.867188	480.972473	538.586304
KLLA0_B14839g	28	1.112954	12.487412	13.983231
KLLA0_C09647g	33	1.863075	20.903816	23.407803
KLLA0_E02751g	0	0.000000	0.000000	0.000000
KLLA0_E09307g	5	0.789308	8.856085	9.916920
KLLA0_F25344r	0	0.0	0.0	0.0
ENSRNAG049935492	30	2.900196	32.540379	36.438263
KLLA0_D13926g	38	1.896450	21.278286	23.827127
KLLA0_E06139g	83	3.473597	38.973972	43.642513
KLLA0_F10219g	9	0.886752	9.949412	11.141213
KLLA0_F23914g	12	0.352518	3.955273	4.429060
KLLA0_D16346g	215	12.049669	135.198029	151.392868
KLLA0_F27995g	70	2.879157	32.304317	36.173927
KLLA0_B09482g	156	13.550427	152.036621	170.248489
KLLA0_E13487g	2	0.144300	1.619055	1.812995
KLLA0_E18217g	704	69.498062	779.772522	873.178467
KLLA0_D06545r	0	0.0	0.0	0.0
KLLA0_F05203g	34	1.704591	19.125616	21.416599
KLLA0_D09020g	80	2.531701	28.405842	31.808466
ENSRNAG049935343	1	0.281087	3.153814	3.531596
KLLA0_E08471g	259	7.686480	86.242775	96.573463
KLLA0_F27401g	593	18.086775	202.934723	227.243469
KLLA0_A10241g	168	5.774172	64.786560	72.547096
KLLA0_F25476g	56	3.665370	41.125679	46.051960
KLLA0_F19756g	181	8.832853	99.105156	110.976570
KLLA0_E15775g	78	2.443408	27.415190	30.699146
KLLA0_F03146g	5	0.142086	1.594214	1.785178
KLLA0_E09505g	57	1.504193	16.877136	18.898785
KLLA0_F00308g	26	2.804671	31.468580	35.238079
KLLA0_D13310g	1	0.028169	0.316058	0.353917
KLLA0_F26675g	51	2.880000	32.313778	36.184517
KLLA0_C18612g	1184	9.397478	105.440285	118.070557
KLLA0_A05885g	4	0.219239	2.459875	2.754534
KLLA0_F15136g	16	0.674479	7.567696	8.474200
KLLA0_B07953g	59	1.663884	18.668880	20.905153
KLLA0_B02805g	122	1.807479	20.280025	22.709290
KLLA0_C13706g	133	4.107468	46.086044	51.606514
KLLA0_E03477g	17	0.964120	10.817486	12.113270
KLLA0_F19228g	144	7.958606	89.296051	99.992470
KLLA0_A01518g	433	25.713287	288.504669	323.063507
KLLA0_D03542g	42	0.763511	8.566640	9.592805
KLLA0_F04928g	38	1.763736	19.789227	22.159700
KLLA0_D02508g	2	0.198718	2.229628	2.496707
KLLA0_E25147g	27	1.304818	14.640139	16.393824
KLLA0_E18481g	3	0.083154	0.932993	1.044753
KLLA0_E03653g	11	0.349116	3.917103	4.386317
KLLA0_F02255g	30	0.765375	8.587555	9.616224
KLLA0_F27049g	21	0.771619	8.657613	9.694674
KLLA0_C07557g	25	1.059764	11.890617	13.314948
KLLA0_D14663g	1457	60.526489	679.110962	760.458984
KLLA0_D15246g	159	15.441905	173.259125	194.013153
KLLA0_F03509g	51	2.208763	24.782455	27.751051
KLLA0_C19272g	422	11.484509	128.856903	144.292160
KLLA0_D18051g	55	3.065789	34.398342	38.518784
KLLA0_E22045g	47	1.628788	18.275101	20.464205
KLLA0_F12210g	382	6.202233	69.589432	77.925285
KLLA0_E14103g	1357	43.340851	486.286987	544.537415
KLLA0_C02937g	146	4.789813	53.742001	60.179539
KLLA0_E14895g	346	21.110312	236.858994	265.231415
KLLA0_D09911g	28	1.183291	13.276598	14.866949
KLLA0_D07832g	246	38.937695	436.883331	489.215881
KLLA0_E19515g	5	0.138453	1.553451	1.739533
KLLA0_C12573g	2543	52.012035	583.578247	653.482788
KLLA0_E13663g	4	0.283172	3.177207	3.557792
KLLA0_E23101g	195	6.859321	76.962006	86.180977
KLLA0_E03433g	21	0.787266	8.833174	9.891264
KLLA0_E08207g	4	0.124572	1.397706	1.565131
KLLA0_E21891g	12	0.352798	3.958416	4.432579
KLLA0_C18909g	65	1.573353	17.653118	19.767715
KLLA0_E19317g	4	0.506266	5.680336	6.360761
KLLA0_E05589g	512	23.479279	263.438934	294.995270
KLLA0_D00550g	23	0.648276	7.273696	8.144984
KLLA0_F00132g	1	0.013563	0.152178	0.170406
KLLA0_F00726g	41	1.603395	17.990191	20.145164
KLLA0_F13464g	40	2.258029	25.335224	28.370031
KLLA0_B01584g	10	0.329749	3.699804	4.142989
KLLA0_F12848g	27	1.311637	14.716648	16.479498
KLLA0_F05115g	90	7.570481	84.941261	95.116043
KLLA0_F14773g	0	0.0	0.0	0.0
KLLA0_A02893g	10	0.252351	2.831394	3.170555
KLLA0_C11143g	3185	201.252792	2258.068848	2528.553955
KLLA0_C13145g	396	8.484657	95.198380	106.601814
ENSRNAG049935441	2	0.438931	4.924833	5.514759
KLLA0_C18568g	332	7.280860	81.691696	91.477226
KLLA0_F24882g	175	7.247154	81.313515	91.053741
KLLA0_E10495g	41	5.004796	56.154118	62.880600
KLLA0_B04246g	754	21.423634	240.374496	269.167999
KLLA0_A06215g	208	8.540759	95.827843	107.306686
KLLA0_A05907g	268	13.090996	146.881790	164.476181
KLLA0_D12518g	26	1.918155	21.521818	24.099831
KLLA0_F19140g	17	0.521465	5.850869	6.551722
KLLA0_E12761g	27	0.892644	10.015520	11.215240
KLLA0_C12001g	25	1.574359	17.664406	19.780355
KLLA0_D14487g	102	9.725047	109.115623	122.186157
KLLA0_C08019g	95	5.295806	59.419270	66.536873
KLLA0_F21802g	129	3.578833	40.154728	44.964703
KLLA0_D00836g	548	14.532502	163.055573	182.587357
KLLA0_E19427g	10	0.899441	10.091784	11.300638
KLLA0_F03619g	394	6.963926	78.135681	87.495247
KLLA0_E19977g	263	10.148823	113.870422	127.510513
KLLA0_F22583g	1084	34.414330	386.130890	432.383972
KLLA0_F16687r	1	0.309859	3.476637	3.893090
KLLA0_D09801g	16	0.295705	3.317828	3.715258
KLLA0_F01188g	119	2.361760	26.499092	29.673315
KLLA0_C19184g	9	0.288288	3.234609	3.622070
KLLA0_A07931g	21	1.000000	11.220061	12.564069
ENSRNAG049935445	1	0.321759	3.610156	4.042602
KLLA0_D16412g	15	0.464780	5.214860	5.839528
KLLA0_F21868g	579	57.156979	641.304810	718.124207
KLLA0_D02618g	57	0.726110	8.146998	9.122896
KLLA0_B12331g	51	0.628649	7.053481	7.898389
KLLA0_F17996g	165	4.092457	45.917618	51.417908
KLLA0_C09669g	63	6.371032	71.483376	80.046082
KLLA0_D11044g	138	4.349473	48.801353	54.647079
KLLA0_E18173g	35	2.536797	28.463018	31.872492
KLLA0_E24025g	165	3.804456	42.686230	47.799446
KLLA0_E00155g	1	0.188713	2.117371	2.371003
KLLA0_F07271g	2	0.136494	1.531471	1.714920
ENSRNAG049935354	0	0.000000	0.000000	0.000000
KLLA0_A03938g	214	8.611243	96.618675	108.192245
KLLA0_E14411g	148	7.881923	88.435661	99.029022
KLLA0_E16699g	42	1.059416	11.886713	13.310575
KLLA0_A03641g	33	1.186957	13.317731	14.913010
KLLA0_F00770g	324	8.730789	97.959991	109.694237
KLLA0_F10978g	55	1.204329	13.512645	15.131272
KLLA0_E08097g	75	1.922882	21.574854	24.159222
KLLA0_F23716g	21	0.621622	6.974638	7.810102
KLLA0_E09615g	628	21.807089	244.676895	273.985748
KLLA0_F16423g	343	12.664493	142.096390	159.117554
KLLA0_F13288g	1046	58.460526	655.930664	734.502014
KLLA0_B12936g	194	4.689459	52.616016	58.918686
KLLA0_F17391g	1672	59.572327	668.405151	748.470825
KLLA0_F15961g	44	12.953217	145.335892	162.745102
KLLA0_C07667g	72	3.113675	34.935627	39.120426
KLLA0_D01485g	699	10.311921	115.700386	129.559677
KLLA0_D14553g	1102	44.480602	499.075104	558.857361
KLLA0_C14872g	191	10.164054	114.041313	127.701874
KLLA0_F23243g	125	1.276098	14.317899	16.032984
KLLA0_C09174g	311	17.931973	201.197830	225.298523
KLLA0_C02673g	188	42.453335	476.329041	533.386658
KLLA0_F17281g	197	40.269077	451.821533	505.943451
KLLA0_F13398g	126	2.550100	28.612278	32.039631
KLLA0_A08404g	9	0.315296	3.537641	3.961401
KLLA0_B14124g	109	4.218417	47.330902	53.000481
KLLA0_C13904g	212	10.401734	116.708107	130.688095
KLLA0_E10253g	3679	687.172119	7710.113281	8633.677734
KLLA0_D00660g	92	5.056095	56.729698	63.525124
KLLA0_F08459g	222	4.497613	50.463493	56.508320
KLLA0_E04401g	94	3.445897	38.663177	43.294487
KLLA0_D13420g	110	11.099800	124.540443	139.458649
KLLA0_D13970g	169	10.096244	113.280479	126.849907
KLLA0_F23804g	20	1.249692	14.021620	15.701216
KLLA0_F00924g	3	0.175627	1.970546	2.206590
KLLA0_E18349g	881	27.514093	308.709839	345.688965
KLLA0_E10121g	84	2.245503	25.194681	28.212654
KLLA0_C18194g	162	7.072836	79.357658	88.863594
KLLA0_E13553g	129	3.761331	42.202366	47.257622
KLLA0_D15939g	63	5.065391	56.834000	63.641922
KLLA0_F17160g	76	5.294606	59.405807	66.521797
KLLA0_D06402g	180	4.824367	54.129696	60.613678
KLLA0_A02475g	834	37.867203	424.872375	475.766144
KLLA0_E09087g	8	0.181651	2.038135	2.282276
KLLA0_F05093g	587	26.735477	299.973694	335.906372
KLLA0_C12837g	45	1.773333	19.896906	22.280277
KLLA0_F24640g	40	1.507936	16.919134	18.945812
KLLA0_E04995g	18	1.227577	13.773489	15.423362
KLLA0_E19295g	7	0.330366	3.706727	4.150741
KLLA0_D19811g	168	3.761339	42.202454	47.257721
KLLA0_E04049g	1121	32.283615	362.224152	405.613556
KLLA0_B02915g	13	0.637681	7.154820	8.011868
KLLA0_C19547g	48	2.442785	27.408199	30.691319
KLLA0_D03949g	55	4.135693	46.402729	51.961132
KLLA0_A03179g	15	0.734513	8.241281	9.228472
KLLA0_F11462g	227	13.377315	150.094299	168.073502
KLLA0_E10165g	87	11.107769	124.629860	139.558777
KLLA0_D12298g	168	24.571838	275.697540	308.722260
KLLA0_C01760g	20	1.100877	12.351909	13.831494
KLLA0_F02948g	636	19.184725	215.253784	241.038193
KLLA0_F25553r	5	2.345911	26.321266	29.474188
KLLA0_F21340g	451	13.876207	155.691910	174.341614
KLLA0_E19933g	2	0.029110	0.326616	0.365740
KLLA0_A01177g	62	1.635270	18.347830	20.545645
KLLA0_D01947g	218	8.957448	100.503120	112.541992
KLLA0_C00176g	37	4.252978	47.718674	53.434708
ENSRNAG049935520	0	0.0	0.0	0.0
ENSRNAG049935437	0	0.0	0.0	0.0
KLLA0_F18931g	413	10.542042	118.282364	132.450943
KLLA0_B00693g	62	1.223520	13.727970	15.372390
KLLA0_D19602g	156	4.261943	47.819260	53.547344
KLLA0_D04730r	1	0.291667	3.272522	3.664524
KLLA0_A11330g	360	32.033157	359.414001	402.466797
KLLA0_E17293g	3	0.127072	1.425756	1.596541
KLLA0_E07261g	10	0.201113	2.256500	2.526798
KLLA0_C11165g	25	1.149393	12.896260	14.441052
KLLA0_F02145g	233	5.508112	61.801353	69.204300
ENSRNAG049935389	1	0.047954	0.538047	0.602497
KLLA0_F10351g	4100	497.761902	5584.919434	6253.914551
KLLA0_F00220g	55	6.308942	70.786713	79.265984
KLLA0_F11297g	38	1.285425	14.422546	16.150167
KLLA0_E00441g	91	2.737627	30.716345	34.395733
KLLA0_D17935r	1	0.210744	2.364561	2.647802
KLLA0_C05346g	2225	153.076920	1717.532471	1923.268799
KLLA0_D06523g	101	3.083785	34.600258	38.744888
KLLA0_D18755g	44	1.607504	18.036293	20.196791
KLLA0_C02519g	163	8.102942	90.915520	101.805923
KLLA0_D00528g	403	6.818544	76.504486	85.668655
KLLA0_F10956g	116	10.887661	122.160225	136.793320
KLLA0_B06259g	197	8.926222	100.152763	112.149666
KLLA0_C10186g	101	6.329616	71.018677	79.525734
KLLA0_E07195g	11	0.566353	6.354516	7.115698
KLLA0_B00825g	1058	45.502110	510.536438	571.691589
KLLA0_B03806g	768	33.975693	381.209381	426.872925
KLLA0_F26939g	166	14.215488	159.498657	178.604370
KLLA0_E04841g	193	5.143904	57.714924	64.628365
KLLA0_B05742g	204	27.062500	303.642914	340.015106
KLLA0_E25015g	29	0.866248	9.719356	10.883599
KLLA0_F06512g	3	0.145833	1.636255	1.832256
KLLA0_D02794g	358	13.421634	150.591553	168.630325
KLLA0_C11121g	44	5.814815	65.242584	73.057732
KLLA0_A07469g	4	0.114103	1.280243	1.433598
KLLA0_D11214r	2	0.819048	9.189769	10.290575
KLLA0_E16963g	408	14.329890	160.782242	180.041718
KLLA0_F03256g	115	6.782052	76.095039	85.210167
KLLA0_D19382g	5	0.261290	2.931690	3.282866
KLLA0_C11253g	9	0.172731	1.938052	2.170204
KLLA0_F13266g	47	3.839869	43.083565	48.244377
KLLA0_E20703g	65	2.967742	33.298248	37.286915
KLLA0_E24399g	2	0.101358	1.137243	1.273469
KLLA0_E15071g	1363	97.344536	1092.211670	1223.043457
KLLA0_E21209g	1930	75.762123	850.055664	951.880493
KLLA0_E06953g	164	7.743017	86.877129	97.283798
KLLA0_A08844g	9	0.221865	2.489339	2.787527
KLLA0_C13255g	560	6.652225	74.638374	83.579010
KLLA0_D08008g	194	46.413147	520.758362	583.138000
KLLA0_A01925g	46	0.987294	11.077499	12.404429
KLLA0_F02706g	1844	32.745037	367.401337	411.410919
KLLA0_E01629g	15	1.048851	11.768173	13.177836
KLLA0_F19250g	42	5.982906	67.128571	75.169640
KLLA0_D04092g	121	1.777392	19.942448	22.331276
KLLA0_D04114g	262	8.972446	100.671402	112.730431
KLLA0_E24289g	23	3.151515	35.360191	39.595852
KLLA0_F27753g	39	5.710526	64.072456	71.747444
KLLA0_F04950g	24	0.579502	6.502048	7.280903
KLLA0_F25938g	346	44.102757	494.835663	554.110046
ENSRNAG049935446	1	0.352195	3.951650	4.425002
KLLA0_B08734g	76	3.777126	42.379589	47.456070
KLLA0_C10010g	76	2.132890	23.931156	26.797777
KLLA0_F12804g	5	0.142857	1.602864	1.794865
KLLA0_D07007g	20	1.292621	14.503288	16.240580
ENSRNAG049935308	1	0.092846	1.041738	1.166524
KLLA0_B07139g	5	0.195971	2.198807	2.462193
KLLA0_D19558g	302	6.912731	77.561272	86.852028
KLLA0_F24376g	16	1.679570	18.844877	21.102234
KLLA0_A10087g	2	0.088050	0.987926	1.106266
KLLA0_F01166g	136	4.972583	55.792686	62.475876
KLLA0_F01617g	294	11.201498	125.681496	140.736389
KLLA0_D17336g	12	0.284672	3.194037	3.576638
KLLA0_D18282g	10	0.711712	7.985453	8.941998
ENSRNAG049935528	1	0.062500	0.701254	0.785254
KLLA0_C01155g	63	2.200553	24.690340	27.647900
KLLA0_F16819g	13	0.332814	3.734194	4.181498
KLLA0_B04444g	29	1.557713	17.477636	19.571213
KLLA0_A03135g	50	2.077366	23.308176	26.100170
KLLA0_D01859g	1407	64.258957	720.989441	807.353943
KLLA0_B13816g	210	8.620773	96.725609	108.311981
KLLA0_E07613g	3	0.200328	2.247693	2.516935
KLLA0_F10175g	751	22.108030	248.053467	277.766815
KLLA0_B14575g	6	0.338501	3.798002	4.252950
KLLA0_D14179r	1	0.180556	2.025849	2.268518
KLLA0_A01551g	0	0.0	0.0	0.0
KLLA0_D18392g	95	2.253633	25.285902	28.314800
KLLA0_B12628g	547	32.152248	360.750214	403.963043
KLLA0_A01133g	12	0.721823	8.098898	9.069034
KLLA0_C03740g	22	1.248606	14.009436	15.687572
KLLA0_C13948g	1416	29.734240	333.619995	373.583038
KLLA0_F09867g	2	0.088288	0.990597	1.109257
KLLA0_B13123g	248	44.769505	502.316620	562.487122
KLLA0_E04753g	48	2.433031	27.298759	30.568769
KLLA0_C02299g	839	21.629742	242.687027	271.757568
KLLA0_F05918g	1175	26.797316	300.667542	336.683319
KLLA0_A08448g	20	0.479941	5.384968	6.030012
KLLA0_E21099g	84	6.285926	70.528473	78.976807
KLLA0_D00264g	0	0.0	0.0	0.0
KLLA0_A09449g	10	0.321592	3.608282	4.040504
KLLA0_C17941g	5	0.410774	4.608910	5.160993
KLLA0_C11495g	10	0.359492	4.033523	4.516682
KLLA0_F12408g	90	6.172740	69.258522	77.554733
KLLA0_F13442g	56	1.609410	18.057680	20.220737
KLLA0_B11385g	304	3.534565	39.658035	44.408516
KLLA0_F24244g	137	2.493535	27.977615	31.328945
KLLA0_F20900g	2827	177.318573	1989.525391	2227.842773
KLLA0_E17513g	13	0.447678	5.022974	5.624657
KLLA0_E15225g	135	5.611928	62.966179	70.508652
KLLA0_E10143g	1607	31.145952	349.459503	391.319885
KLLA0_D04202g	377	24.255051	272.143158	304.742126
KLLA0_F08789g	948	40.570950	455.208557	509.736176
KLLA0_C05412g	95	7.151111	80.235909	89.847054
KLLA0_F12914g	10	0.370456	4.156539	4.654435
KLLA0_B11077g	3	0.088028	0.987680	1.105990
KLLA0_A10505g	44	5.367397	60.222523	67.436348
KLLA0_A07447g	47	1.607118	18.031963	20.191940
KLLA0_E16325g	636	12.966386	145.483643	162.910568
KLLA0_F19778g	310	7.985816	89.601349	100.334343
KLLA0_A08206g	52	3.805195	42.694523	47.808731
KLLA0_E09241g	108	7.076227	79.395706	88.906204
KLLA0_F06292g	9	0.380584	4.270176	4.781683
KLLA0_F25322g	122	1.627559	18.261311	20.448763
KLLA0_F21076g	82	1.557808	17.478703	19.572407
KLLA0_A02959g	130	3.923810	44.025391	49.299019
KLLA0_B14685g	73	2.167249	24.316666	27.229465
KLLA0_B01375g	60	1.581383	17.743216	19.868605
KLLA0_E11529g	61	4.133065	46.373245	51.928116
KLLA0_C14157g	141	2.185151	24.517529	27.454388
KLLA0_A10307g	338	14.049020	157.630875	176.512848
KLLA0_E08119g	395	3.668306	41.158623	46.088848
ENSRNAG049935474	0	0.000000	0.000000	0.000000
KLLA0_F26246g	27	0.783105	8.786487	9.838985
KLLA0_F04587g	612	4.600561	51.618580	57.801765
KLLA0_F04125g	67	2.254667	25.297503	28.327791
KLLA0_E12101g	256	5.165875	57.961437	64.904411
KLLA0_B00187g	27	4.181355	46.915062	52.534832
KLLA0_C07172g	6	0.187937	2.108665	2.361253
KLLA0_F02904g	9	0.372193	4.176029	4.676259
KLLA0_E16237g	62	2.538211	28.478884	31.890257
KLLA0_E07503g	190	12.864542	144.340958	161.630997
KLLA0_C12034g	4	0.787500	8.835799	9.894204
KLLA0_F01507g	606	21.749119	244.026459	273.257416
KLLA0_B03311g	6	1.373874	15.414950	17.261448
KLLA0_B09900g	40	1.467695	16.467628	18.440222
KLLA0_E16853g	77	11.672672	130.968109	146.656250
KLLA0_F23265g	2424	42.555439	477.474640	534.669495
KLLA0_B11033g	13	0.478708	5.371133	6.014520
ENSRNAG049935322	1	0.048611	0.545418	0.610752
KLLA0_B00561g	60	1.322483	14.838340	16.615767
KLLA0_D09438g	40	3.387479	38.007725	42.560520
KLLA0_C17182g	259	6.184247	69.387627	77.699303
KLLA0_F28083g	205	4.966142	55.720417	62.394951
KLLA0_F17952g	141	10.689088	119.932220	134.298431
KLLA0_F27841g	164	14.364262	161.167892	180.473572
ENSRNAG049935502	2	1.102740	12.372812	13.854901
KLLA0_D06171g	216	4.560248	51.166260	57.295269
KLLA0_B03916g	351	24.052420	269.869629	302.196259
KLLA0_D07590g	322	7.931884	88.996231	99.656738
KLLA0_E23761g	1339	82.443237	925.018250	1035.822510
KLLA0_F06919g	172	2.204586	24.735590	27.698570
KLLA0_F23848g	375	9.793333	109.881805	123.044106
KLLA0_D08184g	882	32.787018	367.872345	411.938354
KLLA0_F18513r	46	21.299999	238.987305	267.614655
KLLA0_A09537g	142	2.510297	28.165688	31.539543
KLLA0_E14763g	250	10.591022	118.831909	133.066330
KLLA0_E02597g	140	2.275016	25.525822	28.583458
KLLA0_C14003g	1841	107.888504	1210.515625	1355.518555
KLLA0_F23221g	541	17.040197	191.192062	214.094223
KLLA0_F27181g	79	1.657178	18.593639	20.820898
KLLA0_C17842g	23	1.447799	16.244392	18.190247
KLLA0_F11814g	31	0.560801	6.292222	7.045942
KLLA0_F02387g	36	0.827381	9.283266	10.395271
KLLA0_F25080g	20	1.704467	19.124226	21.415041
KLLA0_D01925g	50	3.086101	34.626244	38.773987
KLLA0_C04598g	613	13.604358	152.641739	170.926086
KLLA0_E15269g	130	3.898757	43.744293	48.984249
ENSRNAG049935515	20	5.267015	59.096233	66.175140
KLLA0_E20153g	21	2.333333	26.180140	29.316156
KLLA0_F13002g	12	0.310236	3.480867	3.897826
KLLA0_D16654g	6	0.231667	2.599318	2.910680
ENSRNAG049935371	2	0.295374	3.314115	3.711099
KLLA0_F00352g	3	0.375309	4.210990	4.715408
KLLA0_B00847g	41	2.561728	28.742746	32.185726
KLLA0_D01551g	279	14.278112	160.201294	179.391174
KLLA0_D01133g	102	1.620162	18.178318	20.355827
KLLA0_E00837g	346	7.202454	80.811981	90.492126
KLLA0_D19426g	60	2.341801	26.275150	29.422548
KLLA0_B12463g	112	4.490149	50.379745	56.414539
KLLA0_C09240g	43	1.618834	18.163418	20.339142
KLLA0_E13091g	61	2.825092	31.697708	35.494652
KLLA0_B03982g	62	3.301688	37.045143	41.482635
KLLA0_D02552g	197	5.384946	60.419422	67.656830
KLLA0_E21627g	2108	108.556564	1218.011353	1363.912231
KLLA0_C18777g	68	3.378168	37.903255	42.443535
ENSRNAG049935329	0	0.0	0.0	0.0
KLLA0_D08096g	100	3.440838	38.606415	43.230927
ENSRNAG049935509	1	0.238889	2.680349	3.001418
KLLA0_A00737g	1141	33.260147	373.180908	417.882782
KLLA0_E15731g	127	6.949299	77.971558	87.311470
KLLA0_F05896g	13	0.620000	6.956438	7.789722
KLLA0_E16369g	14	0.703364	7.891788	8.837113
KLLA0_F16511g	5	0.201031	2.255580	2.525767
KLLA0_D11176r	1	0.052440	0.588380	0.658860
KLLA0_F21934g	126	10.592040	118.843338	133.079117
KLLA0_E06359g	50	2.463768	27.643629	30.954950
KLLA0_E24993g	9	0.240187	2.694913	3.017726
KLLA0_D10615g	46	1.699115	19.064175	21.347797
KLLA0_C15895g	522	18.942308	212.533859	237.992462
KLLA0_F26807g	17	1.161744	13.034840	14.596231
KLLA0_C06336g	140	4.569872	51.274242	57.416187
KLLA0_E17579g	97	1.506569	16.903797	18.928637
KLLA0_F19041g	2782	61.891796	694.429749	777.612793
KLLA0_F23199g	350	6.306057	70.754349	79.229736
KLLA0_F04884g	329	4.599340	51.604877	57.786423
KLLA0_D11217r	8	4.237363	47.543472	53.238522
KLLA0_E12629g	8	0.703316	7.891249	8.836511
KLLA0_D11330g	77	2.492337	27.964174	31.313894
KLLA0_E06645g	87	1.287166	14.442081	16.172043
KLLA0_D12562g	191	12.656250	142.003906	159.013992
KLLA0_E18855g	428	10.052097	112.785149	126.295235
KLLA0_A01947g	72	2.379265	26.695499	29.893250
KLLA0_F04169g	43	1.249429	14.018670	15.697912
ENSRNAG049935473	0	0.000000	0.000000	0.000000
KLLA0_B06732g	16	0.435216	4.883150	5.468084
KLLA0_F12166g	1113	12.371702	138.811249	155.438919
KLLA0_F00484g	6	0.507538	5.694608	6.376743
KLLA0_D16434g	158	6.469879	72.592445	81.288002
KLLA0_A07315g	368	57.873455	649.343689	727.126099
KLLA0_E00683g	303	20.192158	226.557251	253.695663
KLLA0_E24729g	25	0.928251	10.415033	11.662609
KLLA0_E05259g	81	6.553968	73.535927	82.344505
KLLA0_C05236g	5522	155.912521	1749.348022	1958.895752
KLLA0_A00528g	872	12.038484	135.072525	151.252335
ENSRNAG049935456	1	0.047945	0.537946	0.602384
KLLA0_C07799g	53	6.815384	76.469032	85.628952
KLLA0_C07106g	322	3.825519	42.922562	48.064083
KLLA0_F26048g	242	4.772093	53.543175	59.956905
KLLA0_C11715g	759	18.150234	203.646744	228.040787
KLLA0_F22495g	54	2.740519	30.748795	34.432068
KLLA0_A06842g	127	3.281075	36.813862	41.223652
KLLA0_D09086g	540	22.949167	257.491058	288.334930
KLLA0_B01628g	30	2.552189	28.635719	32.065880
KLLA0_D08327g	31	2.056209	23.070791	25.834352
KLLA0_F03058g	11	0.436585	4.898511	5.485284
KLLA0_D15785r	0	0.0	0.0	0.0
KLLA0_F26917g	736	50.822495	570.231567	638.537354
KLLA0_D03476g	82	0.882981	9.907101	11.093834
KLLA0_C07260g	82	3.763324	42.224728	47.282661
KLLA0_F15290r	0	0.0	0.0	0.0
KLLA0_F01408g	83	4.782880	53.664204	60.092434
KLLA0_F18832g	12129	828.026794	9290.511719	10403.385742
KLLA0_E10583g	50	2.276113	25.538130	28.597240
KLLA0_B03872g	2306	108.567863	1218.138062	1364.054077
KLLA0_D14201g	33	0.946918	10.624478	11.897142
KLLA0_C15411g	6	0.300789	3.374871	3.779134
KLLA0_C00440g	7	0.292769	3.284887	3.678370
KLLA0_E15247g	1451	81.372940	913.009399	1022.375244
KLLA0_D16753g	18	0.907121	10.177954	11.397131
KLLA0_A02651g	10	0.691852	7.762622	8.692476
KLLA0_E18921g	3	0.522634	5.863986	6.566410
KLLA0_D13566r	13	4.322148	48.494766	54.303764
KLLA0_E11111g	21	0.387972	4.353070	4.874507
KLLA0_D10758g	162	3.224442	36.178440	40.512112
KLLA0_A08184g	200	11.681558	131.067795	146.767899
KLLA0_E22749g	42	1.617086	18.143805	20.317179
KLLA0_E13927g	98	4.955956	55.606133	62.266972
KLLA0_D09306g	181	1.993715	22.369606	25.049171
KLLA0_B09922g	106	2.241855	25.153751	28.166821
KLLA0_D18216g	194	9.721730	109.078407	122.144485
KLLA0_B14014g	1691	45.247246	507.676880	568.489502
KLLA0_D13486g	257	7.222958	81.042038	90.749741
KLLA0_E07679g	66	10.669359	119.710869	134.050552
KLLA0_A07975g	46	1.416210	15.889964	17.793360
KLLA0_E16347g	327	52.885715	593.380981	664.459778
KLLA0_A07425g	332	3.511749	39.402042	44.121857
KLLA0_C04840g	137	5.988803	67.194740	75.243736
KLLA0_B13882g	22	0.654589	7.344529	8.224301
KLLA0_B00869g	74	17.365740	194.844666	218.184357
KLLA0_E16545g	112	1.994374	22.376999	25.057451
KLLA0_A06171g	28	3.844445	43.134911	48.301872
KLLA0_D06941g	34	1.897092	21.285488	23.835194
KLLA0_E00573g	260	17.244791	193.487610	216.664749
KLLA0_B12375g	49	2.703825	30.337082	33.971043
KLLA0_E18965g	88	1.132576	12.707573	14.229763
KLLA0_F20119g	64	0.988950	11.096080	12.425236
KLLA0_F25542g	34	4.813560	54.008438	60.477898
KLLA0_D01661g	1	0.150442	1.687968	1.890164
KLLA0_E08955g	225	11.135082	124.936310	139.901932
ENSRNAG049935382	35	16.201836	181.785599	203.560974
KLLA0_B07117g	3	0.144222	1.618180	1.812015
KLLA0_E01101g	192	12.811024	143.740479	160.958588
KLLA0_F12782g	856	59.880657	671.864685	752.344666
KLLA0_F11418g	6	0.534517	5.997313	6.715708
KLLA0_F01639g	126	16.209597	181.872665	203.658493
KLLA0_A01969g	398	8.453066	94.843918	106.204903
KLLA0_F25300g	37	0.888889	9.973390	11.168062
KLLA0_E04181g	2131	77.543900	870.047302	974.266846
KLLA0_D14927g	13	0.405512	4.549870	5.094881
KLLA0_F21736g	595	87.181038	978.176636	1095.348633
KLLA0_A00264g	2276	164.645386	1847.331421	2068.615967
KLLA0_C07623g	12	0.337915	3.791427	4.245587
KLLA0_F16467g	204	10.167155	114.076111	127.740837
KLLA0_E10011g	436	23.890322	268.050873	300.159637
KLLA0_E24861g	161	12.225710	137.173218	153.604660
KLLA0_F04499g	16	1.347222	15.115914	16.926590
KLLA0_C18634g	166	7.261843	81.478333	91.238297
KLLA0_E13201g	179	9.203031	103.258575	115.627518
KLLA0_F01771g	1	0.191011	2.143155	2.399875
KLLA0_B06017r	0	0.0	0.0	0.0
KLLA0_F12496g	55	2.983974	33.480370	37.490856
KLLA0_D10307g	21	1.482906	16.638296	18.631332
KLLA0_D19470g	98	3.961111	44.443909	49.767670
ENSRNAG049935511	0	0.0	0.0	0.0
KLLA0_F20922g	87	1.618576	18.160522	20.335899
KLLA0_C00594g	153	13.256412	148.737747	166.554474
KLLA0_F02772g	637	34.443737	386.460815	432.753479
KLLA0_D08206g	30	1.275510	14.311301	16.025595
KLLA0_F22110g	125	2.310457	25.923471	29.028740
KLLA0_B04004g	60	1.364908	15.314352	17.148798
KLLA0_B05863g	192	9.419324	105.685402	118.345032
KLLA0_E20461g	23	1.879538	21.088533	23.614645
KLLA0_F13750g	824	22.549650	253.008453	283.315338
KLLA0_D10505g	18	0.654480	7.343306	8.222932
KLLA0_D19316g	41	2.235799	25.085802	28.090733
KLLA0_F13068g	60	1.056538	11.854422	13.274416
ENSRNAG049935375	0	0.000000	0.000000	0.000000
KLLA0_A02431g	214	21.139534	237.186874	265.598572
KLLA0_B01650g	123	2.424242	27.200144	30.458344
KLLA0_A00550g	95	4.218723	47.334332	53.004326
KLLA0_C17468g	42	0.985727	11.059918	12.384742
KLLA0_C05654g	137	4.909986	55.090343	61.689404
KLLA0_B02783g	5	0.192185	2.156327	2.414626
KLLA0_C09625g	149	7.802469	87.544182	98.030754
KLLA0_E24069g	2859	100.195877	1124.203857	1258.867920
KLLA0_F22968g	56	2.823881	31.684118	35.479435
KLLA0_C14806g	42	4.912037	55.113358	61.715172
KLLA0_C15757r	46	15.790541	177.170837	198.393448
KLLA0_A04653g	10	0.223490	2.507571	2.807944
KLLA0_A00242g	468	28.589928	320.780762	359.205811
KLLA0_D19129g	175	74.324997	833.931091	933.824402
KLLA0_C14410g	31	1.413949	15.864595	17.764952
KLLA0_A09911g	10	0.740903	8.312978	9.308756
KLLA0_F18975g	284	4.008604	44.976784	50.364376
KLLA0_C11011g	75	5.218107	58.547485	65.560654
KLLA0_D06215g	113	8.098453	90.865135	101.749512
KLLA0_B05599g	24	1.652893	18.545561	20.767061
KLLA0_B06138g	339	8.687815	97.477814	109.154305
KLLA0_D05907g	219	12.660997	142.057175	159.073639
KLLA0_D17127g	2	0.359307	4.031446	4.514358
KLLA0_E11969r	1	0.135135	1.516223	1.697845
ENSRNAG049935376	2	0.822581	9.229409	10.334964
KLLA0_F20207g	62	3.603009	40.425983	45.268452
KLLA0_F15862g	118	4.628682	51.934101	58.155079
KLLA0_B07645g	236	17.024113	191.011597	213.892120
KLLA0_C14971g	49	1.855755	20.821686	23.315834
KLLA0_A03355g	18	0.373248	4.187866	4.689514
KLLA0_B13739g	267	5.921466	66.439209	74.397705
KLLA0_C10406g	35	1.713725	19.228100	21.531359
KLLA0_E07635g	91	4.870253	54.644539	61.190193
ENSRNAG049935353	0	0.0	0.0	0.0
KLLA0_A03113g	645	41.201756	462.286224	517.661682
KLLA0_D03322g	26	0.649951	7.292490	8.166029
KLLA0_B11836g	535	35.614380	399.595551	447.461517
KLLA0_F18590g	32	0.906198	10.167598	11.385534
KLLA0_F26004g	153	7.702275	86.419998	96.771912
KLLA0_F01210g	2800	95.382767	1070.200562	1198.395630
KLLA0_C18381g	42	0.825213	9.258941	10.368032
KLLA0_F23507g	17	0.564891	6.338112	7.097329
KLLA0_E06623r	1	0.136558	1.532189	1.715724
KLLA0_C13607g	122	3.827137	42.940712	48.084412
KLLA0_C10120g	1005	40.003902	448.846252	502.611786
ENSRNAG049935451	0	0.0	0.0	0.0
KLLA0_D08052g	843	54.660305	613.291992	686.755798
KLLA0_D10241g	50	1.494662	16.770201	18.779036
KLLA0_E05149g	35	0.736041	8.258426	9.247670
KLLA0_B14531g	132	20.212212	226.782257	253.947617
KLLA0_F10131g	6	0.218154	2.447701	2.740902
KLLA0_C08976g	35	0.645833	7.246286	8.114290
KLLA0_D02596g	9	0.402332	4.514190	5.054927
KLLA0_D13838g	178	5.888889	66.073692	73.988403
KLLA0_A08965r	0	0.0	0.0	0.0
KLLA0_F23782g	46	0.987654	11.081538	12.408953
KLLA0_C13585g	315	3.276926	36.767311	41.171524
KLLA0_D06567g	83	3.310642	37.145607	41.595135
KLLA0_B12584g	3	0.072736	0.816102	0.913860
KLLA0_C08371g	54	7.264550	81.508705	91.272308
KLLA0_F00396g	51	1.561404	17.519049	19.617588
KLLA0_C04081g	136	8.051104	90.333878	101.154617
KLLA0_F20471g	227	18.056337	202.593216	226.861069
KLLA0_C11583g	48	1.171935	13.149182	14.724272
KLLA0_D16236g	2816	54.880352	615.760925	689.520508
KLLA0_C04455g	288	10.802060	121.199783	135.717819
KLLA0_F03883g	998	25.589241	287.112885	321.505005
KLLA0_D15917g	15	0.491536	5.515064	6.175692
KLLA0_F25564g	143	5.917886	66.399048	74.352730
KLLA0_E13795g	276	8.170151	91.669594	102.650337
KLLA0_A04433g	309	14.690943	164.833282	184.578018
KLLA0_B11660g	2265	196.375854	2203.349121	2467.279785
KLLA0_E01761g	4	0.303509	3.405390	3.813308
KLLA0_C01001g	53	2.073643	23.266403	26.053392
KLLA0_F08085g	493	12.494529	140.189377	156.982117
KLLA0_E11793g	54	1.164319	13.063730	14.628584
KLLA0_F00286g	96	2.996914	33.625557	37.653435
KLLA0_F19580g	6	0.277143	3.109562	3.482044
KLLA0_C13387g	27	1.601170	17.965225	20.117210
KLLA0_D05885g	64	2.119374	23.779509	26.627960
KLLA0_A06468g	12	0.718978	8.066978	9.033289
KLLA0_B13497g	12	0.459658	5.157391	5.775175
KLLA0_C04906g	12	0.269885	3.028126	3.390854
KLLA0_E10715g	259	8.690429	97.507149	109.187149
KLLA0_C19206g	0	0.0	0.0	0.0
KLLA0_F12188g	618	19.191956	215.334915	241.129059
KLLA0_F13728g	201	8.089470	90.764351	101.636658
KLLA0_B03157g	21	1.081054	12.129492	13.582437
KLLA0_A06402g	229	5.929370	66.527901	74.497009
KLLA0_F12452g	133	1.574617	17.667301	19.783596
KLLA0_B01331g	182	5.975500	67.045479	75.076591
KLLA0_C08470g	23	5.031111	56.449371	63.211224
KLLA0_C13772g	712	17.865091	200.447418	224.458237
KLLA0_A00660g	368	11.893333	133.443924	149.428650
KLLA0_F09526g	466	23.414202	262.708801	294.177643
KLLA0_B02332g	37	1.705341	19.134029	21.426022
KLLA0_E24047g	50	3.561182	39.956680	44.742935
KLLA0_F21230g	2	0.077236	0.866593	0.970398
KLLA0_B14817g	1239	159.459595	1789.146484	2003.461426
KLLA0_B08712g	115	30.947090	347.228271	388.821381
KLLA0_B01936g	12	0.488889	5.485365	6.142435
KLLA0_F08305g	12	0.604555	6.783144	7.595671
KLLA0_E06117g	12	0.710801	7.975231	8.930552
KLLA0_F05962g	79	4.995025	56.044495	62.757839
ENSRNAG049935455	1	0.397394	4.458786	4.992886
KLLA0_F24816g	354	12.557411	140.894928	157.772171
KLLA0_E18239g	80	2.353729	26.408985	29.572412
ENSRNAG049935344	3	1.770833	19.868856	22.248867
KLLA0_D15807g	341	10.615902	119.111076	133.378922
KLLA0_C04301g	10	0.312695	3.508457	3.928721
ENSRNAG049935460	0	0.000000	0.000000	0.000000
KLLA0_D18414g	37	4.162162	46.699715	52.293686
KLLA0_B08151g	26	1.200184	13.466138	15.079194
KLLA0_E22991g	10	0.397405	4.458909	4.993024
KLLA0_E23629g	55	2.495935	28.004543	31.359098
KLLA0_A11044g	0	0.000000	0.000000	0.000000
KLLA0_C17864g	6	0.302013	3.388605	3.794512
KLLA0_C00759g	551	22.538956	252.888458	283.181000
KLLA0_F07755g	149	12.158654	136.420853	152.762161
KLLA0_B03003g	765	12.824129	143.887527	161.123245
KLLA0_E18943g	31	0.638281	7.161551	8.019406
KLLA0_B04048g	2	0.238636	2.677511	2.998239
KLLA0_F06534g	15	0.620719	6.964506	7.798756
KLLA0_E17337g	6	0.686717	7.705007	8.627959
KLLA0_F04015g	135	4.557105	51.131001	57.255779
KLLA0_B00407g	10	0.714702	8.019001	8.979565
KLLA0_E17535g	23	1.154545	12.954065	14.505783
ENSRNAG049935499	1	0.097222	1.090837	1.221504
KLLA0_C14916g	461	89.938698	1009.117737	1129.995972
KLLA0_E00705g	1042	5.667733	63.592312	71.209785
KLLA0_F10527g	379	15.049961	168.861496	189.088745
ENSRNAG049935516	5	2.094340	23.498625	26.313433
KLLA0_A09801g	59	7.011820	78.673050	88.096985
KLLA0_F05797g	114	11.042146	123.893547	138.734283
ENSRNAG049935468	3	1.220975	13.699416	15.340414
KLLA0_F22902g	10	0.330078	3.703496	4.147123
KLLA0_B11550g	20	1.203369	13.501874	15.119211
KLLA0_C12441g	13	0.693038	7.775929	8.707377
KLLA0_F17908g	11	0.796215	8.933581	10.003700
KLLA0_F04257g	271	9.171979	102.910172	115.237373
KLLA0_D01364r	0	0.0	0.0	0.0
KLLA0_C19327g	0	0.0	0.0	0.0
KLLA0_C15763g	467	10.107142	113.402756	126.986824
KLLA0_C17402g	2	0.132231	1.483640	1.661359
KLLA0_C09944g	136	6.237319	69.983109	78.366104
KLLA0_F22858g	129	3.696661	41.476765	46.445103
KLLA0_F14905g	5	0.282325	3.167704	3.547151
KLLA0_F24981g	74	1.920782	21.551292	24.132837
ENSRNAG049935417	0	0.0	0.0	0.0
KLLA0_D16049g	68	2.693271	30.218666	33.838444
KLLA0_E19339g	18	0.863946	9.693528	10.854677
KLLA0_D15631g	103	1.487048	16.684771	18.683372
KLLA0_B13167g	344	22.907190	257.020111	287.807495
KLLA0_D00418g	572	39.680275	445.215118	498.545715
KLLA0_F13816g	30	1.285470	14.423052	16.150734
KLLA0_F14575g	128	2.537559	28.471569	31.882065
KLLA0_B10175g	151	3.491803	39.178242	43.871254
KLLA0_F22319g	1	0.078431	0.880001	0.985412
KLLA0_B03520g	274	3.317879	37.226807	41.686058
KLLA0_D15719g	15	2.038251	22.869301	25.608725
KLLA0_F27489g	17	0.956376	10.730597	12.015974
KLLA0_B03784g	77	3.790087	42.525009	47.618912
KLLA0_F12628g	9622	323.898346	3634.159424	4069.480957
KLLA0_E04643g	27	2.036036	22.844448	25.580896
KLLA0_E18041g	46	8.945737	100.371719	112.394852
KLLA0_C11671g	202	10.243513	114.932854	128.700195
KLLA0_F07139g	168	6.875706	77.145851	86.386841
KLLA0_F16731g	25	3.087591	34.642960	38.792706
KLLA0_C10483g	180	4.794751	53.797401	60.241581
KLLA0_F06358g	8	0.596096	6.688234	7.489391
KLLA0_E15511g	12	0.213392	2.394271	2.681072
KLLA0_C12672g	48	1.257998	14.114815	15.805573
KLLA0_E15335g	143	2.257632	25.330770	28.365044
KLLA0_D17270g	71	2.341830	26.275476	29.422913
KLLA0_C11803g	62	7.118721	79.872490	89.440102
KLLA0_B04950g	6	0.251462	2.821419	3.159386
KLLA0_E03345g	1	0.049957	0.560521	0.627663
ENSRNAG049935428	0	0.0	0.0	0.0
KLLA0_E19713g	4775	563.641174	6324.088867	7081.625977
KLLA0_E01343g	11	0.208979	2.344757	2.625627
KLLA0_C10857g	163	6.093245	68.366585	76.555946
KLLA0_F24728g	126	5.868132	65.840805	73.727615
KLLA0_D04818g	10	0.450704	5.056927	5.662676
KLLA0_B12804g	1098	21.881987	245.517242	274.926788
KLLA0_C08503g	14	0.645411	7.241551	8.108988
KLLA0_E13047g	13	0.562782	6.314449	7.070832
KLLA0_E11727g	17	3.337398	37.445812	41.931297
KLLA0_E12277g	0	0.000000	0.000000	0.000000
KLLA0_F19800g	38	3.466667	38.896217	43.555443
ENSRNAG049935447	0	0.0	0.0	0.0
KLLA0_B09042g	2	0.205285	2.303310	2.579215
KLLA0_C16445g	80	3.020225	33.887112	37.946316
KLLA0_F21142g	149	9.567807	107.351387	120.210587
KLLA0_B05808g	40	1.286528	14.434923	16.164026
KLLA0_B00891g	133	2.167792	24.322762	27.236288
KLLA0_F12254g	1444	109.102219	1224.133667	1370.767700
KLLA0_A03718g	94	9.634343	108.097923	121.046547
KLLA0_D07348g	25	0.464469	5.211370	5.835620
KLLA0_B05522r	6	3.000000	33.660183	37.692207
KLLA0_C02079g	670	49.916668	560.068115	627.156433
KLLA0_A01991g	1236	75.797836	850.456421	952.329285
KLLA0_E05501g	0	0.0	0.0	0.0
KLLA0_A05159g	29	0.950162	10.660876	11.937901
KLLA0_B12243g	79	1.395243	15.654713	17.529928
KLLA0_F16082g	7	0.318958	3.578729	4.007410
KLLA0_C09460g	1519	243.562897	2732.790527	3060.140869
KLLA0_E23189g	90	1.846030	20.712570	23.193647
KLLA0_C19107g	159	4.959558	55.646549	62.312229
ENSRNAG049935420	3	1.114742	12.507474	14.005695
KLLA0_F06446g	91	2.557395	28.694128	32.131287
KLLA0_E12233g	45	7.314103	82.064690	91.894890
KLLA0_E07811g	203	7.004752	78.593750	88.008186
KLLA0_D03399r	4	1.529412	17.160097	19.215637
KLLA0_A07711g	42	2.062620	23.142723	25.914898
KLLA0_D05709g	538	35.833988	402.059540	450.220703
KLLA0_F15268g	54	4.797873	53.832432	60.280807
KLLA0_B10956g	97	2.378196	26.683506	29.879818
KLLA0_C14586g	9	0.315088	3.535307	3.958787
KLLA0_F03465g	32	1.507407	16.913198	18.939165
KLLA0_F13981g	2	0.427350	4.794894	5.369255
KLLA0_F01463g	42	0.909633	10.206138	11.428692
KLLA0_C17204g	252	5.561335	62.398525	69.872993
KLLA0_B10351g	9	0.327945	3.679563	4.120324
KLLA0_D13354g	6	0.129473	1.452695	1.626708
KLLA0_B00220g	4	0.443122	4.971856	5.567415
KLLA0_D07161g	759	71.239410	799.310547	895.056824
KLLA0_E02135g	63	1.961728	22.010710	24.647285
KLLA0_B11297g	18	1.003367	11.257839	12.606371
KLLA0_D20009g	559	18.674725	209.531570	234.630524
KLLA0_B08613r	0	0.0	0.0	0.0
KLLA0_F21296g	48	1.599340	17.944693	20.094217
KLLA0_A04235g	414	9.540480	107.044777	119.867249
KLLA0_F06072g	39	0.296446	3.326142	3.724568
KLLA0_D05060g	33	1.044529	11.719679	13.123533
ENSRNAG049935436	1	0.052440	0.588380	0.658860
KLLA0_F03971g	98	3.933018	44.128704	49.414707
KLLA0_F03421g	203	4.593137	51.535275	57.708488
KLLA0_C04576g	24	0.675630	7.580610	8.488662
KLLA0_D03168g	269	9.025692	101.268814	113.399414
KLLA0_F23331g	81	3.488156	39.137325	43.825432
KLLA0_C18513g	385	18.586174	208.538010	233.517975
KLLA0_B12716g	77	1.810786	20.317131	22.750839
KLLA0_C06028g	88	4.847495	54.389194	60.904259
KLLA0_E22485g	25	0.363319	4.076462	4.564765
KLLA0_E09703g	20	1.098485	12.325069	13.801441
ENSRNAG049935314	0	0.0	0.0	0.0
KLLA0_B09724g	5	1.189744	13.349001	14.948026
KLLA0_E06271g	245	9.010123	101.094131	113.203804
KLLA0_D08888g	96	1.687110	18.929478	21.196966
KLLA0_E05457g	0	0.0	0.0	0.0
KLLA0_F09955g	879	54.316364	609.432922	682.434509
KLLA0_A11220g	12	2.061594	23.131212	25.902008
KLLA0_E15291g	809	19.792988	222.078552	248.680466
KLLA0_C09966g	119	6.732222	75.535942	84.584099
KLLA0_D08140r	0	0.000000	0.000000	0.000000
KLLA0_B10450g	8	0.336752	3.778378	4.230975
KLLA0_F10593g	34	1.306636	14.660537	16.416664
KLLA0_C08613g	79	3.141056	35.242844	39.464443
KLLA0_F16302g	87	3.878070	43.512184	48.724339
KLLA0_C17094g	15	1.095870	12.295730	13.768586
KLLA0_B07062g	1458	109.598824	1229.705566	1377.007202
KLLA0_E20241g	116	5.322523	59.719036	66.872543
KLLA0_D12056g	563	23.960735	268.840942	301.044342
KLLA0_D18645g	145	2.837389	31.835680	35.649151
KLLA0_C01386g	51	2.875000	32.257679	36.121696
KLLA0_E11419g	361	6.011449	67.448830	75.528259
KLLA0_B01496g	249	9.694190	108.769402	121.798470
KLLA0_D09889g	6	0.237443	2.664125	2.983250
KLLA0_D01045g	165	2.899586	32.533535	36.430599
KLLA0_C02717g	36	0.513620	5.762848	6.453157
KLLA0_F00330g	50	2.249775	25.242613	28.266327
KLLA0_E13069g	923	189.032135	2120.952148	2375.012695
KLLA0_C01606g	78	2.109501	23.668730	26.503916
KLLA0_D16137g	6	0.281676	3.160422	3.538997
KLLA0_F15202g	251	8.220077	92.229767	103.277603
KLLA0_E16281g	144	4.031903	45.238197	50.657104
KLLA0_B13673g	214	15.948831	178.946869	200.382202
KLLA0_D05533g	64	1.084084	12.163490	13.620506
ENSRNAG049935402	1	0.377863	4.239646	4.747497
KLLA0_F03311g	59	1.840393	20.649323	23.122824
KLLA0_D02530g	74	1.771657	19.878099	22.259220
KLLA0_D11484g	1409	40.736393	457.064819	511.814819
KLLA0_F11033g	10	0.493571	5.537897	6.201260
KLLA0_D04059g	280	3.027406	33.967682	38.036537
KLLA0_D09218g	4	0.389294	4.367902	4.891117
KLLA0_F12122r	0	0.000000	0.000000	0.000000
KLLA0_C04686g	145	8.857314	99.379616	111.283905
KLLA0_C00957g	1235	291.439789	3269.972656	3661.669434
KLLA0_A11066g	5	0.290931	3.264263	3.655277
KLLA0_B04587g	366	15.512053	174.046188	194.894501
KLLA0_E16391g	100	6.516667	73.117401	81.875854
KLLA0_C07744g	183	26.589743	298.338562	334.075348
KLLA0_B01782g	15	0.576659	6.470150	7.245183
KLLA0_C05522g	137	4.290820	48.143265	53.910156
KLLA0_C12309g	35	1.039181	11.659675	13.056341
KLLA0_C05808r	0	0.000000	0.000000	0.000000
KLLA0_A12045g	0	0.0	0.0	0.0
KLLA0_F14685g	6	0.449275	5.040893	5.644722
KLLA0_E11749r	1	0.236111	2.649180	2.966515
KLLA0_C08195g	16	1.106557	12.415638	13.902858
KLLA0_A05478g	72	2.888889	32.413513	36.296200
KLLA0_C10967g	128	5.403990	60.633102	67.896103
KLLA0_E17073g	565	11.248925	126.213638	141.332260
KLLA0_F20724g	52	1.316667	14.773085	16.542694
KLLA0_D00814g	159	6.599837	74.050575	82.920807
KLLA0_E01409g	157	14.212122	159.460876	178.562073
KLLA0_F11077g	95	2.770115	31.080858	34.803917
KLLA0_F22429g	41	1.960952	22.002003	24.637535
KLLA0_D11352g	330	11.513032	129.176926	144.650528
KLLA0_F04191g	178	3.407449	38.231789	42.811424
KLLA0_E24795g	173	4.865119	54.586937	61.125690
KLLA0_D05577g	23	2.005263	22.499176	25.194263
KLLA0_F27643g	85	2.987474	33.519642	37.534828
KLLA0_F19921g	18	1.286940	14.439547	16.169203
KLLA0_E03059g	1369	54.237762	608.551025	681.447021
KLLA0_C02706r	2	0.772727	8.670045	9.708595
KLLA0_E04489g	100	2.805879	31.482136	35.253258
KLLA0_A08063g	51	1.660864	18.634996	20.867210
KLLA0_D13112g	25	4.292096	48.157585	53.926189
KLLA0_C11913g	11	0.344654	3.867039	4.330256
KLLA0_D17226g	848	29.055780	326.007660	365.058807
KLLA0_F11385g	69	3.282629	36.831303	41.243176
KLLA0_F04675g	263	22.280001	249.982986	279.927460
KLLA0_C15829g	19	0.401797	4.508187	5.048205
KLLA0_F23650g	50	2.679446	30.063549	33.664745
KLLA0_E14543g	0	0.0	0.0	0.0
KLLA0_A03597g	501	48.363636	542.642944	607.644043
KLLA0_B12914g	630	25.053085	281.097168	314.768707
KLLA0_C08261g	127	9.219373	103.441933	115.832840
KLLA0_F19910g	16	0.538921	6.046727	6.771040
KLLA0_D03498g	102	1.473356	16.531145	18.511347
KLLA0_B05918g	143	7.740385	86.847603	97.250732
KLLA0_E23541g	126	5.086124	57.066624	63.902412
KLLA0_E05611g	0	0.000000	0.000000	0.000000
KLLA0_E15467g	98	5.383279	60.400719	67.635887
KLLA0_F19965g	44	1.641648	18.419392	20.625778
KLLA0_E12695g	328	14.672807	164.629791	184.350159
KLLA0_D15125g	293	17.551924	196.933655	220.523575
KLLA0_B06820g	51	2.114403	23.723732	26.565504
KLLA0_C07997g	613	12.150136	136.325272	152.655151
KLLA0_C06050g	11	0.841424	9.440829	10.571709
KLLA0_E03213g	31	0.662442	7.432641	8.322967
KLLA0_D14861g	1	0.036816	0.413078	0.462559
KLLA0_F26587g	2509	240.902069	2702.936035	3026.710205
KLLA0_E03851g	393	11.092624	124.459915	139.368484
KLLA0_C16687g	264	11.243944	126.157745	141.269684
KLLA0_A11770g	7	0.201031	2.255580	2.525767
KLLA0_E24927g	358	18.674871	209.533218	234.632370
KLLA0_F12430g	418	2.653443	29.771795	33.338039
KLLA0_B12848g	68	3.156538	35.416553	39.658962
KLLA0_B05115g	250	6.300148	70.688049	79.155495
KLLA0_B14773g	18	2.380577	26.710220	29.909733
KLLA0_B13519g	57	2.366912	26.556898	29.738045
KLLA0_C17600g	179	5.102867	57.254482	64.112770
KLLA0_B12221g	98	4.674157	52.444328	58.726429
KLLA0_E19075g	6	0.482269	5.411088	6.059261
KLLA0_F15433g	197	8.617571	96.689682	108.271751
KLLA0_C04809g	0	0.000000	0.000000	0.000000
KLLA0_F24509g	0	0.000000	0.000000	0.000000
KLLA0_D04136g	849	37.640556	422.329376	472.918549
KLLA0_E10913g	5	0.337838	3.790563	4.244620
KLLA0_F21252g	75	2.710394	30.410786	34.053577
KLLA0_C10054g	1038	74.748589	838.683838	939.146423
KLLA0_C17380g	48	0.722619	8.107830	9.079035
KLLA0_F03443g	45	3.380952	37.934486	42.478512
KLLA0_B10824g	412	35.722790	400.811890	448.823578
KLLA0_E20505g	11	0.498138	5.589139	6.258640
ENSRNAG049935333	0	0.000000	0.000000	0.000000
KLLA0_D17314g	155	4.278412	48.004044	53.754261
KLLA0_A08624g	41	3.746812	42.039463	47.075203
KLLA0_D12078g	39	3.626374	40.688137	45.562012
KLLA0_C06677g	125	4.467651	50.127319	56.131874
KLLA0_D10461g	109	3.279056	36.791210	41.198284
KLLA0_D05445g	3	0.351724	3.946365	4.419085
KLLA0_C15697g	353	19.641531	220.379181	246.777527
KLLA0_C02981g	6	0.570552	6.401628	7.168455
KLLA0_F27357g	408	7.945273	89.146454	99.824959
KLLA0_C08998g	72	2.259604	25.352896	28.389820
KLLA0_E01057g	43	4.413580	49.520638	55.452522
KLLA0_F27555g	58	3.503572	39.310295	44.019119
KLLA0_F10659g	530	17.425531	195.515533	218.935577
KLLA0_F08492g	88	19.363636	217.261185	243.286057
KLLA0_B12265g	28	1.808237	20.288530	22.718815
KLLA0_E18657g	420	13.443817	150.840454	168.909042
KLLA0_E01849g	170	4.733331	53.108269	59.469894
KLLA0_E20307g	26	0.379762	4.260953	4.771356
KLLA0_C16709g	11	2.200000	24.684135	27.640951
KLLA0_F20592r	0	0.000000	0.000000	0.000000
KLLA0_E00903g	237	2.007326	22.522320	25.220181
KLLA0_E11067g	90	0.944410	10.596339	11.865632
KLLA0_E22969g	328	6.807082	76.375877	85.524643
KLLA0_E21825g	67	3.002639	33.689796	37.725365
KLLA0_E24201g	374	14.125926	158.493759	177.479111
KLLA0_F24068g	0	0.0	0.0	0.0
KLLA0_E18745g	12	0.617245	6.925527	7.755109
KLLA0_A04862g	48	1.609127	18.054504	20.217182
KLLA0_B06303g	60	0.846622	9.499151	10.637017
KLLA0_B03454g	36	1.264271	14.185198	15.884388
KLLA0_A11088g	206	3.369082	37.801308	42.329376
KLLA0_C06633g	260	6.973101	78.238625	87.610519
KLLA0_F24750g	799	15.660131	175.707642	196.754959
KLLA0_F07953g	1575	110.120712	1235.561157	1383.564209
KLLA0_B07010r	50	1.913338	21.467770	24.039310
ENSRNAG049935431	0	0.000000	0.000000	0.000000
KLLA0_F10439g	3	0.344988	3.870787	4.334453
KLLA0_F16170g	63	1.779453	19.965572	22.357170
KLLA0_E04621g	34	1.447863	16.245113	18.191050
KLLA0_A00374g	5499	313.651001	3519.183594	3940.732910
KLLA0_B04928g	170	16.102421	180.670151	202.311920
KLLA0_E01365g	68	2.690141	30.183546	33.799118
KLLA0_B05203g	1	0.059524	0.667863	0.747864
KLLA0_D08866g	358	13.758673	154.373154	172.864914
KLLA0_E21693g	272	4.543756	50.981220	57.088062
KLLA0_F15477g	16	0.282492	3.169578	3.549249
KLLA0_D18117g	276	28.359596	318.196411	356.311920
KLLA0_C17248g	29	2.590991	29.071079	32.553391
KLLA0_A05280g	225	1.581813	17.748039	19.874008
KLLA0_E23695g	3	0.110829	1.243508	1.392463
KLLA0_C09988g	25	0.956621	10.733346	12.019052
KLLA0_B02200g	102	3.679515	41.284382	46.229679
KLLA0_A06600g	246	5.933144	66.570244	74.544426
KLLA0_E12541g	57	2.399664	26.924376	30.149544
KLLA0_B00308g	2	0.074815	0.839429	0.939981
KLLA0_F14839g	11	0.471204	5.286938	5.920239
KLLA0_F12650g	515	16.674286	187.086517	209.496872
KLLA0_E13861g	155	6.313349	70.836159	79.321350
KLLA0_B10219g	1	0.094444	1.059667	1.186601
KLLA0_A00462g	55	2.639360	29.613781	33.161102
KLLA0_E04665g	9	0.235597	2.643413	2.960057
KLLA0_A05456g	52	1.160965	13.026098	14.586444
KLLA0_D14597r	0	0.000000	0.000000	0.000000
KLLA0_E01321g	61	1.663987	18.670038	20.906446
KLLA0_A05390g	1192	78.782104	883.940063	989.823792
KLLA0_D07304g	93	3.366237	37.769386	42.293633
KLLA0_D02024g	157	4.777379	53.602486	60.023319
KLLA0_E14367g	25	0.696259	7.812069	8.747846
KLLA0_E21561g	424	19.840219	222.608475	249.273895
KLLA0_F08701g	1	0.048031	0.538911	0.603465
KLLA0_E15379g	34	1.631226	18.302456	20.494835
KLLA0_E24091g	27	1.011186	11.345569	12.704611
KLLA0_C02123g	332	10.055357	112.821732	126.336197
KLLA0_F19943g	12	0.364959	4.094862	4.585370
KLLA0_E02641g	14	0.419530	4.707153	5.271004
KLLA0_C09757g	749	83.172112	933.196228	1044.980103
KLLA0_F27621g	405	24.385344	273.605042	306.379150
KLLA0_F25718g	9	0.434060	4.870180	5.453560
KLLA0_A11308g	71	2.556503	28.684122	32.120079
KLLA0_F19646g	21	2.841667	31.883677	35.702900
KLLA0_C02871g	3	0.188131	2.110842	2.363691
KLLA0_F23628g	9	0.652648	7.322751	8.199914
KLLA0_E20615g	144	1.673549	18.777323	21.026585
KLLA0_E07019g	277	16.777382	188.243256	210.792175
KLLA0_F16126g	315	25.622009	287.480530	321.916687
KLLA0_D14993g	1	0.019174	0.215133	0.240903
KLLA0_D11396g	218	6.898200	77.398232	86.669456
KLLA0_F24002g	1	0.035201	0.394957	0.442268
KLLA0_B02090g	89	1.344643	15.086977	16.894188
KLLA0_F19338g	72	1.364350	15.308090	17.141787
KLLA0_E21187g	110	4.315504	48.420223	54.220287
KLLA0_E23277g	85	7.582456	85.075630	95.266495
KLLA0_E11991r	0	0.000000	0.000000	0.000000
KLLA0_E22859g	227	15.337317	172.085648	192.699112
ENSRNAG049935390	1	0.085366	0.957812	1.072544
KLLA0_B01199g	92	4.670671	52.405216	58.682632
KLLA0_F27665g	110	1.780223	19.974211	22.366844
KLLA0_D16522g	9	0.303483	3.405098	3.812981
KLLA0_F17325g	36	1.955628	21.942266	24.570644
KLLA0_B08459g	815	46.765766	524.714783	587.568298
KLLA0_D11286g	182	4.538537	50.922665	57.022491
KLLA0_C16533g	146	4.807017	53.935028	60.395691
KLLA0_C12881g	77	3.466132	38.890213	43.548721
KLLA0_A02049r	10	3.666667	41.140228	46.068256
KLLA0_B10692g	3	0.128302	1.439556	1.611995
KLLA0_E17909g	27	1.324484	14.860792	16.640907
KLLA0_E08823g	11	1.215278	13.635495	15.268836
KLLA0_F03707g	83	5.108273	57.315140	64.180695
KLLA0_D09603g	67	1.373934	15.415625	17.262201
KLLA0_F08162g	201	11.072511	124.234253	139.115784
KLLA0_A02563g	1	0.066401	0.745023	0.834267
ENSRNAG049935435	1	0.222222	2.493345	2.792012
KLLA0_A10703g	23	0.636215	7.138371	7.993449
KLLA0_A11209g	0	0.0	0.0	0.0
ENSRNAG049935398	0	0.0	0.0	0.0
KLLA0_C07326g	226	5.250342	58.909161	65.965660
ENSRNAG049935369	1	0.246575	2.766587	3.097985
KLLA0_B10780g	35	1.042338	11.695096	13.096006
KLLA0_D08393g	20	1.473605	16.533939	18.514475
KLLA0_D08030g	40	1.195195	13.410162	15.016512
KLLA0_C16577g	93	3.108251	34.874771	39.052280
KLLA0_F14124g	283	4.369361	49.024498	54.896954
KLLA0_A11132g	127	2.200750	24.692551	27.650373
KLLA0_F12936g	2382	187.450607	2103.207275	2355.142334
KLLA0_D10153g	131	3.391260	38.050144	42.608025
KLLA0_E23233g	139	11.342996	127.269104	142.514175
KLLA0_C02035g	404	5.667218	63.586540	71.203316
KLLA0_D08283g	39	3.228243	36.221088	40.559868
KLLA0_E22947g	44	1.206349	13.535311	15.156651
KLLA0_E13729g	15	0.516529	5.795487	6.489706
KLLA0_E12189g	68	5.998246	67.300697	75.362373
KLLA0_E05787g	170	2.347166	26.335346	29.489956
KLLA0_E10803g	3	0.039813	0.446704	0.500213
KLLA0_F17237g	71	2.273537	25.509226	28.564875
KLLA0_B01452g	141	8.420495	94.478470	105.795677
KLLA0_D00935r	0	0.000000	0.000000	0.000000
KLLA0_E20087g	9	1.144000	12.835751	14.373295
KLLA0_E04555g	192	20.884615	234.326675	262.395721
KLLA0_B07271g	7	0.170744	1.915758	2.145239
KLLA0_A05005g	140	13.662835	153.297852	171.660797
KLLA0_E03961g	372	5.573194	62.531582	70.021996
KLLA0_E13993g	202	5.045655	56.612556	63.393955
KLLA0_B10428g	1	0.104938	1.177411	1.318448
KLLA0_E10671g	271	5.321746	59.710316	66.862785
KLLA0_C01540g	468	15.557077	174.551361	195.460190
KLLA0_B10978g	15	0.607026	6.810869	7.626717
KLLA0_F18238g	37	0.743984	8.347547	9.347466
KLLA0_C15746r	35	12.705036	142.551285	159.626953
KLLA0_C15323g	382	14.000720	157.088943	175.906006
KLLA0_C09592g	1520	59.377777	666.222351	746.026489
KLLA0_F21164g	306	12.323758	138.273331	154.836548
KLLA0_E04357g	194	8.812834	98.880539	110.725052
KLLA0_B09064g	7	0.307111	3.445804	3.858564
KLLA0_E02179g	273	10.767441	120.811348	135.282867
KLLA0_D10890g	47	1.819092	20.410326	22.855196
KLLA0_D17424g	171	4.140276	46.454151	52.018711
KLLA0_D11924g	31	3.226415	36.200573	40.536900
KLLA0_E05303g	269	4.151653	46.581802	52.161652
KLLA0_D06380g	158	6.158218	69.095581	77.372276
KLLA0_D00374g	14	0.407241	4.569269	5.116604
KLLA0_F05588g	48	3.007491	33.744236	37.786324
KLLA0_C04037g	65	2.593032	29.093979	32.579033
KLLA0_C06314g	21	0.358401	4.021281	4.502975
KLLA0_F11660g	53	1.428648	16.029518	17.949631
KLLA0_B08085g	9	0.467928	5.250181	5.879079
KLLA0_A01738g	54	2.435484	27.326279	30.599588
KLLA0_B00286g	1	0.030496	0.342167	0.383154
KLLA0_C16159g	50	5.719178	64.169533	71.856148
KLLA0_D04862g	14	0.286992	3.220068	3.605787
KLLA0_F01815g	43	2.051498	23.017933	25.775160
KLLA0_D11088g	99	13.540322	151.923248	170.121536
KLLA0_F25102g	10	0.363844	4.082352	4.571361
KLLA0_B01848g	157	3.964677	44.483921	49.812473
KLLA0_A06622g	13	0.302564	3.394787	3.801435
KLLA0_F12584g	14	0.252088	2.828443	3.167251
KLLA0_F09207g	78	13.739583	154.158966	172.625061
KLLA0_B04466g	198	42.493671	476.781586	533.893433
KLLA0_B02222g	15	0.572630	6.424944	7.194563
KLLA0_A06908r	1	0.092846	1.041738	1.166524
KLLA0_E10319g	190	13.648305	153.134827	171.478241
KLLA0_C09691g	75	1.531630	17.184984	19.243505
KLLA0_C04774g	897	23.303772	261.469757	292.790192
KLLA0_E16105g	52	1.386497	15.556582	17.420044
ENSRNAG049935362	15	4.615854	51.790161	57.993908
KLLA0_B01221g	101	7.656250	85.903595	96.193649
KLLA0_D06655g	62	2.443925	27.420988	30.705641
KLLA0_F01144g	36	0.991185	11.121157	12.453317
KLLA0_F26499g	319	7.626760	85.572716	95.823135
KLLA0_D13134g	424	20.568571	230.780640	258.424957
KLLA0_D00462g	1556	44.381432	497.962372	557.611389
KLLA0_F08833g	207	12.799270	143.608597	160.810913
KLLA0_E02113g	83	1.608997	18.053045	20.215549
KLLA0_D17050g	120	2.527055	28.353714	31.750093
KLLA0_F14531g	23	1.137427	12.762000	14.290711
KLLA0_E02355g	271	14.146667	158.726471	177.739700
KLLA0_A02409r	1	0.201220	2.257701	2.528142
KLLA0_F17369g	197	2.568176	28.815094	32.266739
KLLA0_A04213g	32	2.767361	31.049961	34.769314
KLLA0_C18337g	98	1.141546	12.808216	14.342463
KLLA0_E12057g	2266	17.922600	201.092667	225.180786
KLLA0_C05214g	46	1.801624	20.214331	22.635727
KLLA0_A08866g	875	35.054241	393.310730	440.423889
KLLA0_C14520g	43	0.954248	10.706721	11.989238
KLLA0_F24442g	76	7.769697	87.176483	97.619011
KLLA0_E12849g	31	1.332485	14.950563	16.741434
KLLA0_F13244g	4	0.081391	0.913212	1.022602
KLLA0_C14784g	46	4.520468	50.719936	56.795471
KLLA0_F16775g	3	0.085859	0.963343	1.078738
KLLA0_B01265g	94	4.671583	52.415451	58.694092
KLLA0_E00309g	34	1.133863	12.722012	14.245933
KLLA0_E21847g	85	1.698506	19.057343	21.340147
KLLA0_F07645g	186	6.066026	68.061188	76.213966
KLLA0_C00649g	16	0.806965	9.054197	10.138763
ENSRNAG049935377	28	7.159794	80.333328	89.956146
KLLA0_E17227g	258	21.482027	241.029663	269.901672
KLLA0_C16874g	322	12.243848	137.376724	153.832550
KLLA0_B00627g	19	1.598958	17.940407	20.089418
KLLA0_D03751g	284	25.622341	287.484253	321.920868
KLLA0_F07359g	125	6.535604	73.329880	82.113777
KLLA0_F23375g	347	7.100401	79.666939	89.209923
KLLA0_D12738g	75	1.236152	13.869702	15.531098
KLLA0_D11770g	98	4.050406	45.445805	50.889580
KLLA0_F06138g	2	0.106061	1.190011	1.332558
KLLA0_C13453g	49	2.013923	22.596340	25.303066
KLLA0_E15313g	65	1.513103	16.977108	19.010731
KLLA0_E23409g	526	13.463855	151.065277	169.160797
KLLA0_E12365g	448	24.856209	278.888214	312.295105
KLLA0_F08877g	255	13.443064	150.832001	168.899582
KLLA0_F25498g	22	0.713147	8.001554	8.960028
KLLA0_E19735g	37	1.497962	16.807226	18.820498
KLLA0_F20570g	933	88.042595	987.843323	1106.173218
KLLA0_E22661g	3	0.382263	4.289014	4.802779
KLLA0_A08107g	77	3.373057	37.845905	42.379318
KLLA0_B03586g	45	1.028571	11.540630	12.923037
KLLA0_C03960g	43	1.057607	11.866416	13.287848
KLLA0_C17622g	638	67.720833	759.831909	850.849182
KLLA0_C17908r	3	1.664081	18.671091	20.907629
KLLA0_E01541g	151	20.139107	225.962021	253.029114
KLLA0_C10670g	901	134.222229	1505.981689	1686.377197
KLLA0_D16610g	5	0.271168	3.042522	3.406973
KLLA0_E04929g	37	5.516224	61.892372	69.306221
KLLA0_D08624g	14	1.284884	14.416477	16.143372
KLLA0_E19229g	532	12.201802	136.904984	153.304276
KLLA0_A10461g	41	2.625954	29.463364	32.992668
KLLA0_C14256g	127	5.841012	65.536514	73.386879
KLLA0_F18887g	9	1.205556	13.526414	15.146688
KLLA0_E12321g	47	2.078125	23.316690	26.109705
KLLA0_E15973g	7	0.159168	1.785875	1.999798
KLLA0_E06051g	180	2.462634	27.630905	30.940702
KLLA0_E15423g	12	0.441589	4.954656	5.548154
KLLA0_E22177g	1	0.125641	1.409700	1.578562
ENSRNAG049935334	2	0.939394	10.540058	11.802610
KLLA0_E07371g	77	5.690059	63.842815	71.490295
KLLA0_C03850g	1753	75.994896	852.667419	954.805115
KLLA0_D14289g	42	3.785586	42.474510	47.562363
KLLA0_F22154g	48	1.505964	16.897009	18.921036
KLLA0_D01727r	0	0.0	0.0	0.0
KLLA0_A10153g	729	52.930199	593.880127	665.018677
KLLA0_D09262g	66	1.492191	16.742476	18.747990
ENSRNAG049935416	1	0.210744	2.364561	2.647802
KLLA0_E17601g	121	19.766026	221.776031	248.341705
KLLA0_F11550g	499	15.022459	168.552917	188.743210
KLLA0_D12276g	391	25.621622	287.476196	321.911835
KLLA0_D11726g	21	3.591065	40.291969	45.118389
KLLA0_D11132g	100	12.997436	145.832031	163.300674
KLLA0_D13046g	11	0.447811	5.024467	5.626328
KLLA0_D10703g	24	0.785244	8.810486	9.865860
KLLA0_D14399g	181	5.822560	65.329475	73.155045
KLLA0_F21714g	104	2.617413	29.367537	32.885357
KLLA0_E17381g	205	7.807491	87.600533	98.093857
KLLA0_C10549g	1111	32.708260	366.988678	410.948822
KLLA0_E02949g	319	25.622433	287.485260	321.921997
KLLA0_F20680g	1479	31.894247	357.855408	400.721527
KLLA0_F17545g	20	0.363179	4.074891	4.563006
KLLA0_C11935g	113	12.651215	141.947403	158.950729
KLLA0_F20526g	365	14.924498	167.453781	187.512421
KLLA0_F27929g	408	15.651618	175.612122	196.648010
KLLA0_B12199g	93	7.117117	79.854492	89.419945
KLLA0_F25608r	0	0.0	0.0	0.0
KLLA0_F25894g	4	0.188725	2.117506	2.371154
KLLA0_C10923g	355	7.762027	87.090424	97.522644
ENSRNAG049935517	0	0.000000	0.000000	0.000000
KLLA0_C07843g	137	2.911530	32.667545	36.580662
KLLA0_F17347g	180	4.980906	55.886070	62.580444
KLLA0_D06897g	179	3.631180	40.742065	45.622395
KLLA0_B07755g	0	0.0	0.0	0.0
KLLA0_E23343g	263	25.165726	282.360992	316.183899
KLLA0_A09251g	348	8.567973	96.133186	107.648605
KLLA0_E10429g	8	0.605178	6.790134	7.603498
KLLA0_F04631g	59	1.275641	14.312770	16.027241
KLLA0_D18139g	33	3.498952	39.258457	43.961075
KLLA0_A04961g	88	1.895250	21.264820	23.812052
KLLA0_F13376g	92	6.824562	76.572006	85.744263
KLLA0_F23463g	498	8.345168	93.633301	104.849266
KLLA0_E21869g	7	0.443167	4.972361	5.567981
KLLA0_B08305g	1358	31.360960	351.871918	394.021271
KLLA0_E22925g	62	2.733158	30.666203	34.339584
KLLA0_D16500g	22	0.666047	7.473088	8.368260
KLLA0_F14817g	133	3.082875	34.590050	38.733452
KLLA0_B02178g	160	1.796149	20.152903	22.566940
KLLA0_E16743g	41	1.034722	11.609644	13.000319
KLLA0_A09383g	15	0.667575	7.490232	8.387458
KLLA0_C08635g	62	3.412595	38.289524	42.876080
KLLA0_D11308g	281	8.731990	97.973465	109.709320
KLLA0_E03279g	202	10.411347	116.815956	130.808884
KLLA0_E01189g	64	7.633803	85.651733	95.911629
KLLA0_F09097g	24	0.772063	8.662595	9.700253
KLLA0_E05083g	92	17.062271	191.439728	214.371552
KLLA0_B11990g	239	11.049047	123.970985	138.820984
KLLA0_C04620g	72	0.953281	10.695871	11.977088
KLLA0_C06974g	6	0.208054	2.334379	2.614005
KLLA0_B07392g	100	4.680441	52.514835	58.805382
KLLA0_F25168g	156	3.559444	39.937180	44.721100
KLLA0_A09603g	725	30.353859	340.572174	381.367950
KLLA0_D04378g	10	0.549280	6.162955	6.901192
KLLA0_C15543g	291	5.026450	56.397079	63.152664
KLLA0_B14036g	11	0.168546	1.891096	2.117624
KLLA0_E14829g	257	6.441003	72.268448	80.925201
KLLA0_D15015g	104	5.552411	62.298393	69.760872
KLLA0_B09526g	33	1.754777	19.688705	22.047138
KLLA0_A11286g	101	2.954598	33.150772	37.121773
KLLA0_B09680g	67	2.031947	22.798569	25.529520
KLLA0_E13399g	49	2.187668	24.545769	27.486012
KLLA0_B11451g	12	0.544474	6.109032	6.840809
KLLA0_F24266g	25	2.263441	25.395948	28.438028
KLLA0_C08085r	2	0.707317	7.936140	8.886780
KLLA0_C13860g	6654	96.340996	1080.951904	1210.434814
KLLA0_F02684g	43	0.926068	10.390540	11.635182
KLLA0_C19063g	10	0.752381	8.441762	9.452967
KLLA0_C16984g	107	3.295082	36.971024	41.399635
KLLA0_A11396g	54	2.989071	33.537560	37.554893
KLLA0_E22551g	194	4.077241	45.746895	51.226738
KLLA0_F10417g	3	0.095144	1.067522	1.195396
KLLA0_C01320g	661	33.423611	375.014954	419.936523
KLLA0_E16061g	80	1.242257	13.938200	15.607802
KLLA0_E22133g	67	2.939236	32.978409	36.928764
KLLA0_A07084g	15	0.453914	5.092943	5.703007
KLLA0_E13289g	32	0.565785	6.348142	7.108562
KLLA0_C06270g	6	1.192157	13.376076	14.978342
KLLA0_E11397g	160	3.912687	43.900589	49.159267
KLLA0_C19132g	3	0.562963	6.316480	7.073106
ENSRNAG049935488	0	0.0	0.0	0.0
KLLA0_A05709g	29	1.194647	13.404012	15.009627
KLLA0_A04345g	163	9.162804	102.807213	115.122101
KLLA0_F24288g	5	0.195084	2.188854	2.451049
ENSRNAG049935457	15	3.483092	39.080505	43.761806
KLLA0_D02992g	66	6.363636	71.400391	79.953163
KLLA0_F06732g	38	3.921811	44.002964	49.273903
KLLA0_E11287g	70	7.542735	84.629951	94.767441
KLLA0_B06501g	1303	27.067238	303.696075	340.074646
KLLA0_E05809g	42	3.419094	38.362446	42.957733
KLLA0_D03718g	225	9.275750	104.074493	116.541161
KLLA0_E11595g	226	2.074455	23.275513	26.063595
KLLA0_F24398g	36	0.571023	6.406913	7.174372
KLLA0_F21208g	11	0.103850	1.165203	1.304779
KLLA0_D05159g	104	1.926250	21.612644	24.201538
KLLA0_C01672g	123	5.064228	56.820950	63.627308
KLLA0_E14697g	11	0.204337	2.292674	2.567304
KLLA0_D16214g	8	0.299920	3.365121	3.768215
KLLA0_C10274g	150	1.952601	21.908302	24.532614
KLLA0_F02453g	32	2.516279	28.232805	31.614702
KLLA0_D07238g	32	1.861502	20.886168	23.388039
KLLA0_E12343g	99	5.036145	56.505859	63.274471
KLLA0_B01804g	1521	7.970912	89.434120	100.147087
KLLA0_A02827g	365	14.075000	157.922363	176.839264
KLLA0_E09153g	44	2.614472	29.334536	32.848408
KLLA0_F21582g	22	1.280330	14.365381	16.086155
KLLA0_E01277g	48	3.021224	33.898319	37.958866
KLLA0_E11023g	286	10.233685	114.822578	128.576721
KLLA0_C02739g	202	8.715736	97.791092	109.505104
KLLA0_E13025g	52	1.019402	11.437754	12.807837
KLLA0_C11429g	651	29.037621	325.803894	364.830658
KLLA0_F01254g	303	3.458417	38.803650	43.451790
KLLA0_B04884g	1710	49.585892	556.356750	623.000549
KLLA0_E19031g	45	1.168453	13.110114	14.680524
KLLA0_C11979g	2	0.081425	0.913594	1.023029
KLLA0_A05687g	1	0.102083	1.145378	1.282578
KLLA0_E03235g	19	0.961338	10.786271	12.078317
KLLA0_B02607g	69	1.686046	18.917540	21.183598
ENSRNAG049935415	2	0.819048	9.189769	10.290575
KLLA0_C07403g	17	0.658897	7.392865	8.278427
KLLA0_B01243g	537	14.532908	163.060120	182.592453
KLLA0_E00881g	48	1.126050	12.634351	14.147770
KLLA0_E19163g	18	1.084871	12.172320	13.630394
KLLA0_E01233g	43	2.259494	25.351664	28.388437
KLLA0_E08185r	3	1.168501	13.110653	14.681127
KLLA0_C08679g	880	28.100250	315.286530	353.053467
KLLA0_F19822g	10	0.252632	2.834547	3.174086
KLLA0_E15819g	24	0.778428	8.734011	9.780223
KLLA0_A07249g	676	22.552717	253.042877	283.353912
KLLA0_A00781g	820	81.036819	909.238098	1018.152100
KLLA0_D03993r	0	0.000000	0.000000	0.000000
KLLA0_E10935g	49	2.693635	30.222752	33.843014
KLLA0_A00418g	21070	557.059631	6250.243164	6998.935547
KLLA0_E04951r	0	0.0	0.0	0.0
KLLA0_D17028g	211	5.092118	57.133877	63.977722
KLLA0_D04356g	94	2.531200	28.400221	31.802172
KLLA0_E23827r	0	0.0	0.0	0.0
KLLA0_F17930g	117	1.189790	13.349517	14.948604
KLLA0_C01089g	85	3.753699	42.116734	47.161732
KLLA0_C09845g	203	21.012196	235.758133	263.998688
KLLA0_C14454g	173	7.023923	78.808846	88.249054
KLLA0_B02585g	32	2.013785	22.594790	25.301332
KLLA0_F27137g	637	9.183362	103.037888	115.380394
ENSRNAG049935480	1	0.113709	1.275822	1.428648
KLLA0_B00352g	572	19.460255	218.345245	244.499969
KLLA0_B02156g	18	1.237311	13.882706	15.545660
KLLA0_B06886g	7	0.370115	4.152713	4.650150
KLLA0_F18084g	39	0.758808	8.513872	9.533716
KLLA0_A04818g	35	2.111511	23.691284	26.529169
KLLA0_F13640g	2	0.079554	0.892601	0.999522
KLLA0_B11814g	77	7.835341	87.913010	98.443764
KLLA0_C02497g	369	5.243515	58.832561	65.879883
ENSRNAG049935409	0	0.0	0.0	0.0
KLLA0_C00198g	10	1.666667	18.700106	20.940119
KLLA0_B08932g	291	7.429719	83.361908	93.347504
KLLA0_C05610g	11	0.963768	10.813537	12.108848
KLLA0_E24553g	87	7.256157	81.414528	91.166855
KLLA0_B13002g	378	4.654088	52.219154	58.474281
KLLA0_E16721g	57	1.275786	14.314397	16.029062
KLLA0_F23584g	13	0.981618	11.013814	12.333116
KLLA0_F15325g	0	0.000000	0.000000	0.000000
KLLA0_F09119g	34	1.273731	14.291340	16.003244
KLLA0_D12474g	137	7.405751	83.092987	93.046364
KLLA0_F02860g	10	0.387865	4.351869	4.873163
KLLA0_E07129g	13	0.998442	11.202580	12.544494
KLLA0_F16016g	824	49.292255	553.062134	619.311279
KLLA0_A11352g	1413	76.245506	855.479309	957.953735
KLLA0_A08228r	0	0.000000	0.000000	0.000000
KLLA0_D12892g	98	3.624176	40.663479	45.534397
KLLA0_B13068g	94	2.354167	26.413898	29.577915
KLLA0_A02042r	1	0.390244	4.378561	4.903052
KLLA0_C15565g	42	3.539363	39.711868	44.468800
KLLA0_F05027g	6	0.308807	3.464833	3.879872
KLLA0_F26620r	2	0.745173	8.360887	9.362405
KLLA0_B12496g	3	0.105140	1.179677	1.320986
KLLA0_A09141g	63	1.388962	15.584240	17.451014
KLLA0_D17809r	1	0.210744	2.364561	2.647802
KLLA0_C02013g	93	3.217213	36.097328	40.421284
KLLA0_E24487g	52	2.670732	29.965778	33.555260
KLLA0_C16005g	16	0.776104	8.707934	9.751024
KLLA0_E16765g	46	0.820241	9.203155	10.305564
ENSRNAG049935411	0	0.0	0.0	0.0
KLLA0_E23057g	25	0.811680	9.107100	10.198004
KLLA0_B09284g	104	18.206186	204.274521	228.743774
KLLA0_C03674g	348	8.330042	93.463585	104.659218
KLLA0_F18304g	107	7.672293	86.083603	96.395218
KLLA0_E23849g	84	3.206349	35.975430	40.284790
KLLA0_F25762g	30	0.494356	5.546705	6.211123
KLLA0_C04389g	6	0.297619	3.339303	3.739305
KLLA0_A02211g	140	11.009259	123.524567	138.321091
KLLA0_B04499g	19	0.729264	8.182387	9.162523
KLLA0_E21407g	208	6.994709	78.481064	87.882004
KLLA0_E17733g	713	57.113209	640.813721	717.574280
KLLA0_F07117g	45	4.947369	55.509785	62.159084
KLLA0_B09394g	739	28.405050	318.706390	356.882996
KLLA0_C15521g	26	0.804745	9.029288	10.110871
KLLA0_B12782g	79	9.238426	103.655716	116.072220
KLLA0_C12903g	9	0.333333	3.740017	4.188019
KLLA0_E04137g	298	9.159735	102.772781	115.083542
KLLA0_A10879r	0	0.0	0.0	0.0
KLLA0_A07491g	170	4.656989	52.251705	58.510731
KLLA0_D08415g	123	2.676989	30.035984	33.633873
KLLA0_A00539g	0	0.000000	0.000000	0.000000
KLLA0_A01045g	72	3.930108	44.096054	49.378147
KLLA0_A09889g	131	1.135645	12.742007	14.268322
KLLA0_C07865g	30	0.758586	8.511381	9.530927
KLLA0_C06226g	161	4.590782	51.508858	57.678902
KLLA0_F13882g	110	3.720107	41.739830	46.739681
KLLA0_F17754g	657	26.436020	296.613770	332.143982
KLLA0_C14278g	177	5.541205	62.172661	69.620079
KLLA0_C05500g	311	18.025028	202.241913	226.467697
KLLA0_E08867g	126	27.675325	310.518860	347.714691
KLLA0_E21363g	28	1.062921	11.926040	13.354612
KLLA0_E19493g	151	13.740144	154.165253	172.632111
KLLA0_E23365g	26	0.744213	8.350116	9.350344
KLLA0_D09581g	4	0.091727	1.029183	1.152464
KLLA0_E09461g	14	1.398374	15.689842	17.569267
KLLA0_E12409g	82	4.635451	52.010044	58.240124
KLLA0_E17777g	134	2.940337	32.990761	36.942596
KLLA0_F06006g	6	0.411411	4.616056	5.168996
KLLA0_A01474g	55	2.426947	27.230495	30.492329
KLLA0_F21098g	1348	106.064812	1190.053711	1332.605591
KLLA0_B06457g	399	6.463547	72.521400	81.208450
KLLA0_E05919g	129	7.434585	83.416504	93.408638
KLLA0_A08888g	52	3.498008	39.247868	43.949211
KLLA0_D11220g	5	0.175035	1.963903	2.199152
KLLA0_E06755g	824	20.950600	235.067017	263.224792
ENSRNAG049935313	0	0.0	0.0	0.0
KLLA0_E24663g	290	35.982967	403.731110	452.092499
KLLA0_D06479g	66	6.371647	71.490273	80.053810
KLLA0_C07821g	254	36.170868	405.839355	454.453278
KLLA0_C11319g	241	4.433261	49.741463	55.699795
KLLA0_F11528g	417	9.386826	105.320763	117.936729
KLLA0_B01914g	34	0.725316	8.138090	9.112920
KLLA0_D11066g	4	0.210986	2.367276	2.650843
KLLA0_E23321g	436	14.400129	161.570328	180.924210
KLLA0_F24464g	1007	46.109615	517.352722	579.324402
KLLA0_C02167g	1579	76.656189	860.087158	963.113647
KLLA0_C03828g	4	0.070109	0.786627	0.880854
KLLA0_A11484g	33	1.155088	12.960158	14.512605
KLLA0_A07887g	349	44.556393	499.925476	559.809570
KLLA0_A04059g	112	1.388686	15.581141	17.447546
KLLA0_E19779g	10	0.296362	3.325200	3.723513
KLLA0_D18436g	88	3.944149	44.253593	49.554558
KLLA0_E01695g	20	0.500250	5.612835	6.285175
KLLA0_F22671g	82	2.984297	33.483997	37.494911
KLLA0_E14323g	154	11.164521	125.266617	140.271805
KLLA0_D02684g	476	40.184078	450.867828	504.875549
KLLA0_C02101g	82	4.028019	45.194622	50.608307
KLLA0_F08723g	24	0.933638	10.475475	11.730292
KLLA0_E03807g	49	1.123021	12.600366	14.109713
KLLA0_F16555g	4	0.227531	2.552912	2.858715
KLLA0_A10725r	0	0.0	0.0	0.0
KLLA0_D10417g	8	2.010257	22.555208	25.257008
KLLA0_B13189g	83	2.904072	32.583866	36.486961
KLLA0_A08162g	681	25.275837	283.596436	317.567352
KLLA0_E23937g	43	1.271056	14.261327	15.969635
KLLA0_D01331g	213	11.667746	130.912827	146.594360
KLLA0_E22243g	1192	21.726753	243.775497	272.976440
KLLA0_F20812g	85	2.590580	29.066467	32.548225
KLLA0_D02332g	0	0.0	0.0	0.0
KLLA0_F15015g	43	2.687811	30.157402	33.769844
KLLA0_E06447g	1006	14.707688	165.021164	184.788406
KLLA0_D08712g	15	0.358571	4.023189	4.505111
KLLA0_C10340g	50	1.563961	17.547739	19.649714
KLLA0_C04554g	213	6.408259	71.901062	80.513809
KLLA0_E07041g	4	0.333333	3.740017	4.188019
ENSRNAG049935463	4	1.247776	14.000124	15.677143
KLLA0_A08558r	1	0.048611	0.545418	0.610752
KLLA0_E08801g	644	14.166235	158.946030	177.985550
KLLA0_B03179g	21	0.343646	3.855729	4.317592
KLLA0_B07293r	0	0.0	0.0	0.0
KLLA0_E02619g	188	39.804165	446.605194	500.102264
KLLA0_A02915g	15	0.944882	10.601634	11.871562
KLLA0_F25806g	171	2.332262	26.168125	29.302700
KLLA0_E21297g	194	6.568666	73.700836	82.529175
KLLA0_F25410g	205	7.131831	80.019585	89.604813
KLLA0_E20351g	17	0.398758	4.474089	5.010023
KLLA0_D13376g	26	0.646084	7.249103	8.117444
KLLA0_C09108g	11	0.818182	9.180053	10.279695
KLLA0_B03938g	27	0.359935	4.038493	4.522248
KLLA0_E03631g	9	0.370098	4.152522	4.649937
KLLA0_D18161g	113	4.376240	49.101677	54.983379
KLLA0_F05005g	290	9.269303	104.002151	116.460159
KLLA0_F06897g	187	5.188216	58.212105	65.185104
KLLA0_D09416g	23	1.925926	21.609009	24.197466
KLLA0_E13817g	391	7.468539	83.797470	93.835236
ENSRNAG049935361	0	0.0	0.0	0.0
KLLA0_B09812g	66	3.230548	36.246948	40.588829
KLLA0_B07931g	0	0.000000	0.000000	0.000000
KLLA0_C07513g	27	1.028030	11.534560	12.916241
KLLA0_C14564g	30	3.072289	34.471272	38.600449
KLLA0_E20175g	96	15.115265	169.594208	189.909225
KLLA0_F04279g	926	32.492424	364.566986	408.237061
KLLA0_C12111g	161	7.878963	88.402451	98.991837
KLLA0_F11726g	253	5.802252	65.101624	72.899895
KLLA0_F12276g	1441	58.172604	652.700195	730.884583
KLLA0_F18524g	26	1.214153	13.622872	15.254702
KLLA0_F13046g	52	0.635749	7.133143	7.987594
KLLA0_D18348g	2	0.094633	1.061788	1.188976
KLLA0_D11550g	21	2.636816	29.585239	33.129139
KLLA0_C05016g	2	0.204167	2.290766	2.565168
KLLA0_D14465r	0	0.0	0.0	0.0
KLLA0_E18811g	440	16.724833	187.653641	210.131958
KLLA0_F11209g	108	4.150000	46.563255	52.140884
KLLA0_F10703g	284	11.527910	129.343872	144.837448
KLLA0_F14399g	136	2.830057	31.753414	35.557030
KLLA0_C16027g	1	0.017637	0.197888	0.221592
KLLA0_E16039g	9	0.541363	6.074126	6.801722
KLLA0_F17303r	2	0.831028	9.324185	10.441092
KLLA0_D11242g	7	0.198754	2.230032	2.497159
KLLA0_C15301g	121	2.912506	32.678497	36.592926
KLLA0_E09593g	97	1.954998	21.935198	24.562729
KLLA0_F17633g	28	2.304065	25.851751	28.948431
KLLA0_C15631r	1	0.393053	4.410079	4.938345
KLLA0_B14795g	75	2.288450	25.676550	28.752243
KLLA0_E02509g	86	6.030303	67.660378	75.765144
KLLA0_D18887g	19	0.424444	4.762288	5.332744
KLLA0_F01749g	84	4.516985	50.680847	56.751709
KLLA0_D06589g	51	3.143552	35.270847	39.495804
KLLA0_A03443g	723	12.585382	141.208771	158.123611
KLLA0_E06469g	127	2.226018	24.976059	27.967844
KLLA0_A08492g	936	42.505348	476.912598	534.040100
KLLA0_A10659g	86	3.654971	41.008999	45.921307
KLLA0_C01364g	194	37.892719	425.158630	476.086731
KLLA0_F16665g	312	6.440664	72.264648	80.920944
KLLA0_C18744g	35	1.319133	14.800755	16.573677
KLLA0_B06325r	1	0.373686	4.192780	4.695016
KLLA0_E13531g	44	1.557665	17.477098	19.570610
KLLA0_F11770g	263	12.064865	135.368530	151.583786
KLLA0_C15455g	256	7.661963	85.967697	96.265427
KLLA0_E21517g	102	2.006209	22.509787	25.206146
KLLA0_B13541g	0	0.0	0.0	0.0
KLLA0_C15081g	378	22.424242	251.601379	281.739716
KLLA0_F11099g	18	0.511574	5.739892	6.427451
KLLA0_E11155g	16	0.590038	6.620263	7.413278
KLLA0_C10802g	1138	11.560271	129.706955	145.244034
ENSRNAG049935350	0	0.000000	0.000000	0.000000
KLLA0_D05599g	156	8.270833	92.799255	103.915314
KLLA0_B06215g	57	3.570012	40.055756	44.853878
KLLA0_C04664g	79	4.235541	47.523029	53.215630
KLLA0_D08536g	41	3.455161	38.767120	43.410881
ENSRNAG049935365	0	0.000000	0.000000	0.000000
KLLA0_F06248g	790	14.286120	160.291153	179.491791
KLLA0_F16621g	489	14.791222	165.958420	185.837936
KLLA0_F03751g	154	3.808967	42.736847	47.856125
KLLA0_B02893g	517	37.979797	426.135651	477.180756
KLLA0_B14234g	189	14.631660	164.168137	183.833176
KLLA0_E20483r	3	1.556701	17.466280	19.558498
KLLA0_D11836g	13	1.034826	11.610812	13.001626
KLLA0_F06600g	68	2.381150	26.716650	29.916933
KLLA0_D02574g	44	4.368628	49.016277	54.887741
KLLA0_E24223g	245	11.729755	131.608582	147.373444
ENSRNAG049935439	0	0.000000	0.000000	0.000000
ENSRNAG049935358	1	0.209359	2.349021	2.630401
KLLA0_B10241g	2	0.258974	2.905704	3.253767
KLLA0_D16775g	4369	56.957054	639.061646	715.612366
KLLA0_B06190r	1	0.354856	3.981506	4.458435
KLLA0_F26103r	16	6.878261	77.174515	86.418945
KLLA0_D13244g	148	2.365754	26.543903	29.723495
KLLA0_E03917g	903	61.391998	688.822021	771.333313
KLLA0_E10231g	611	53.524059	600.543213	672.479980
KLLA0_E22771g	419	26.572140	298.141052	333.854187
KLLA0_F18678g	283	9.516171	106.772026	119.561829
ENSRNAG049935387	21	4.340164	48.696907	54.530117
KLLA0_D14531g	10	0.222695	2.498652	2.797955
KLLA0_F17050g	1257	62.994099	706.797668	791.462219
KLLA0_F13134g	37	1.574684	17.668053	19.784437
KLLA0_D08833g	3	1.198413	13.446268	15.056943
KLLA0_F00462g	356	9.617382	107.907623	120.833450
KLLA0_A06149g	28	3.585242	40.226639	45.045227
KLLA0_F01078g	113	1.675416	18.798269	21.050041
KLLA0_B13838g	71	1.466504	16.454264	18.425257
KLLA0_E12519g	63	1.047666	11.754877	13.162947
KLLA0_B12353g	31	6.164706	69.168381	77.453789
KLLA0_D12584g	178	4.256591	47.759212	53.480103
KLLA0_D01430g	423	27.213385	305.335846	341.910828
KLLA0_E10055g	19	0.995685	11.171647	12.509854
KLLA0_F23892g	3	0.093128	1.044902	1.170067
KLLA0_F00374g	13	0.274707	3.082229	3.451438
KLLA0_B01518g	9	0.325275	3.649606	4.086778
KLLA0_D16940g	24	0.730746	8.199015	9.181143
KLLA0_E08911g	131	7.541243	84.613213	94.748695
KLLA0_A10439g	170	4.539632	50.934948	57.036247
KLLA0_F06380g	521	13.462202	151.046738	169.140030
KLLA0_A07953g	47	2.410805	27.049381	30.289520
KLLA0_E23673g	12	1.028219	11.536680	12.918614
KLLA0_F25916g	246	9.313245	104.495186	117.012253
KLLA0_B05885g	11	0.258978	2.905749	3.253818
KLLA0_F22275g	54	1.164089	13.061150	14.625694
KLLA0_D01815g	70	3.294118	36.960205	41.387524
KLLA0_F04862g	21	1.096740	12.305490	13.779517
KLLA0_F17677g	506	12.701677	142.513611	159.584747
KLLA0_D11660g	330	10.932942	122.668289	137.362228
KLLA0_A11033g	631	21.155161	237.362198	265.794891
KLLA0_F20449g	231	4.860042	54.529972	61.061901
KLLA0_F24530r	1	0.135135	1.516223	1.697845
KLLA0_B08327g	703	7.778502	87.275276	97.729637
KLLA0_A03311g	13	0.630846	7.078131	7.925992
KLLA0_C08349g	279	33.534279	376.256683	421.326965
KLLA0_B03476g	17	1.716981	19.264633	21.572268
KLLA0_F18436g	9	0.660256	7.408113	8.295502
KLLA0_E20329r	0	0.0	0.0	0.0
KLLA0_F27269g	28	0.384552	4.314697	4.831538
KLLA0_C11055g	363	11.224651	125.941284	141.027283
KLLA0_B08525g	16	0.828746	9.298582	10.412422
KLLA0_E15181g	36	1.278255	14.342099	16.060083
KLLA0_F05984g	108	10.606589	119.006584	133.261917
KLLA0_D11528g	68	3.088527	34.653461	38.804466
KLLA0_D14443r	0	0.0	0.0	0.0
KLLA0_E07657g	207	6.998773	78.526665	87.933067
KLLA0_C00110g	1	0.013563	0.152178	0.170406
KLLA0_C05698g	31	0.727359	8.161013	9.138589
KLLA0_C18997g	5	0.669565	7.512560	8.412460
KLLA0_B09306g	399	30.248512	339.390167	380.044373
KLLA0_E20219g	18	0.491057	5.509690	6.169674
KLLA0_E11441g	197	11.549020	129.580719	145.102676
KLLA0_A09955g	119	3.633693	40.770260	45.653969
KLLA0_D14014g	255	6.113154	68.589966	76.806084
KLLA0_E06931g	4	0.143691	1.612222	1.805344
KLLA0_F16489g	4	0.250951	2.815686	3.152965
KLLA0_C11231g	271	10.457100	117.329308	131.383728
KLLA0_B13695g	42	1.887411	21.176867	23.713562
KLLA0_D13882g	44	1.708237	19.166525	21.462406
KLLA0_D06336r	0	0.000000	0.000000	0.000000
KLLA0_C12694g	79	5.120512	57.452461	64.334465
ENSRNAG049935524	1	0.135135	1.516223	1.697845
KLLA0_B06578r	0	0.000000	0.000000	0.000000
KLLA0_F09581g	368	12.049549	135.196686	151.391357
KLLA0_C09933g	15	1.544086	17.324739	19.400003
KLLA0_A10593g	114	4.193478	47.051083	52.687145
KLLA0_E05171g	326	13.116903	147.172470	164.801666
KLLA0_D07117g	563	43.645359	489.703613	548.363281
KLLA0_F03597g	56	2.614035	29.329634	32.842915
KLLA0_B06182g	4054	632.122314	7092.451172	7942.028320
KLLA0_F06094g	4	0.141667	1.589512	1.779914
KLLA0_F24310g	55	3.777778	42.386902	47.464264
KLLA0_F08415g	137	3.365747	37.763889	42.287476
KLLA0_E23519g	3874	118.422661	1328.709473	1487.870483
KLLA0_E24773g	429	39.634056	444.696533	497.964996
KLLA0_E09439g	8	0.671692	7.536426	8.439184
KLLA0_E19669g	1064	65.010788	729.425049	816.799988
KLLA0_E04247g	54	2.450089	27.490149	30.783087
KLLA0_B14927g	3	0.153925	1.727048	1.933924
KLLA0_C08173g	322	10.959170	122.962570	137.691772
KLLA0_C04411g	41	1.123904	12.610272	14.120807
KLLA0_C01342g	2738	232.688339	2610.777588	2923.512207
KLLA0_E17095g	58	1.404245	15.755715	17.643030
KLLA0_C06699g	4	0.174419	1.956992	2.191412
KLLA0_C14949g	12	0.319514	3.584967	4.014396
KLLA0_F24926g	77	2.867257	32.170799	36.024414
KLLA0_D18304g	210	23.620310	265.021332	296.767212
KLLA0_E22265g	127	1.781000	19.982931	22.376606
KLLA0_F01056g	13	0.418511	4.695719	5.258201
ENSRNAG049935366	1	0.472222	5.298360	5.933030
KLLA0_B10307g	4	0.387226	4.344699	4.865134
KLLA0_E17667g	649	33.615852	377.171936	422.351868
KLLA0_C13563g	700	64.972679	728.997437	816.321228
KLLA0_D08118g	83	0.868974	9.749941	10.917850
KLLA0_F18656g	9	0.379221	4.254883	4.764559
KLLA0_B02959g	64	3.089015	34.658939	38.810596
KLLA0_E12673g	59	3.752809	42.106747	47.150551
KLLA0_E07745g	63	6.365462	71.420876	79.976105
KLLA0_F08063g	535	31.311495	351.316895	393.399750
KLLA0_F11891g	129	7.610723	85.392776	95.621651
KLLA0_F18953g	82	2.143518	24.050404	26.931307
KLLA0_D05863g	166	6.416286	71.991127	80.614662
KLLA0_A11605g	33	6.329545	71.017891	79.524841
KLLA0_A04191g	273	8.283929	92.946198	104.079857
KLLA0_F08591g	294	8.956391	100.491264	112.528709
KLLA0_B07447g	6	0.345411	3.875533	4.339767
KLLA0_F12892g	293	6.399485	71.802612	80.403572
KLLA0_C04642g	125	12.522682	140.505264	157.335831
KLLA0_E07437g	277	12.837887	144.041885	161.296097
KLLA0_F12474g	79	6.230047	69.901512	78.274742
KLLA0_D02860g	145	1.264468	14.187408	15.886863
KLLA0_C10076g	113	6.897714	77.392776	86.663353
KLLA0_F15884g	93	1.978087	22.194258	24.852821
KLLA0_A08734g	48	0.697621	7.827351	8.764958
KLLA0_E12937g	4	0.250000	2.805015	3.141017
KLLA0_C04103g	710	21.343952	239.480469	268.166870
KLLA0_D13640g	175	8.297952	93.103531	104.256035
KLLA0_B13233g	19	0.546920	6.136476	6.871541
KLLA0_F27247g	5	0.685950	7.696401	8.618323
KLLA0_A05258g	101	2.707741	30.381020	34.020245
KLLA0_E00529g	194	1.995558	22.390284	25.072329
KLLA0_F22946g	79	2.365248	26.538229	29.717138
KLLA0_F06204g	51	0.982916	11.028378	12.349424
KLLA0_F21010g	2804	135.788223	1523.552246	1706.052612
KLLA0_E17205g	43	2.642512	29.649149	33.200703
ENSRNAG049935478	0	0.0	0.0	0.0
KLLA0_D19929g	20	0.870801	9.770440	10.940804
KLLA0_D16071g	401	108.164024	1213.606934	1358.980225
KLLA0_B08844g	35	1.442228	16.181887	18.120253
KLLA0_C17446g	9	1.261111	14.149743	15.844686
KLLA0_C14542g	11	0.529052	5.935997	6.647046
KLLA0_F24420g	23	0.652850	7.325017	8.202453
KLLA0_D08074g	72	3.559140	39.933769	44.717281
KLLA0_B01133g	54	6.904040	77.463753	86.742836
KLLA0_F17028g	7	0.597302	6.701766	7.504543
KLLA0_E16831g	99	3.468599	38.917896	43.579716
KLLA0_F22022g	2	0.029110	0.326616	0.365740
KLLA0_B00385g	13	0.369322	4.143816	4.640187
KLLA0_B03135g	223	8.222704	92.259247	103.310616
KLLA0_D11264g	36	0.894118	10.032060	11.233760
KLLA0_C02761g	254	9.112756	102.245689	114.493294
KLLA0_D15741g	36	1.216802	13.652594	15.287984
KLLA0_F22341g	10	0.522917	5.867160	6.569965
KLLA0_C17072g	48	1.705965	19.141033	21.433861
KLLA0_C12793g	107	4.979742	55.873013	62.565823
KLLA0_C16599g	4	0.127508	1.430648	1.602019
KLLA0_E18019g	43	2.654412	29.782667	33.350216
KLLA0_E19647g	37	4.017094	45.072044	50.471046
KLLA0_E04269g	6	0.190794	2.140720	2.397149
KLLA0_F04235g	1	0.036458	0.409061	0.458061
KLLA0_E05523g	220	22.804878	255.872131	286.522064
KLLA0_E16127g	11	1.605505	18.013865	20.171675
KLLA0_E19559g	571	48.220562	541.037659	605.846436
KLLA0_C08217g	24	1.552529	17.419472	19.506081
KLLA0_E23299g	7	0.325949	3.657168	4.095246
KLLA0_B12562g	830	11.188210	125.532402	140.569443
KLLA0_F14366g	5	0.215920	2.422636	2.712834
KLLA0_F16214g	1402	200.165268	2245.866455	2514.890137
KLLA0_C14113g	717	22.464945	252.058060	282.251099
KLLA0_B01177g	1	0.034538	0.387518	0.433938
KLLA0_A03421g	133	2.558078	28.701792	32.139870
KLLA0_F16643g	375	9.549049	107.140930	119.974907
KLLA0_A06446g	11	0.625144	7.014154	7.854352
KLLA0_F02992g	127	5.608202	62.924370	70.461838
KLLA0_C05940g	305	8.084764	90.711548	101.577522
KLLA0_E08009g	220	5.172207	58.032482	64.983963
KLLA0_F05159g	207	2.847132	31.944996	35.771561
ENSRNAG049935412	0	0.000000	0.000000	0.000000
KLLA0_B07469g	79	1.516117	17.010925	19.048597
KLLA0_F01991g	33	0.626391	7.028145	7.870019
KLLA0_B08349r	1	0.114155	1.280826	1.434251
KLLA0_C14300g	98	5.580247	62.610714	70.110603
KLLA0_D03124r	3	1.678571	18.833670	21.089682
KLLA0_A03806g	74	2.064124	23.159599	25.933798
KLLA0_A00825g	24	1.204365	13.513050	15.131724
KLLA0_E04731g	309	4.945334	55.486950	62.133518
KLLA0_E17557g	113	2.792334	31.330160	35.083076
ENSRNAG049935470	0	0.0	0.0	0.0
KLLA0_A03465g	132	3.379798	37.921543	42.464016
KLLA0_A06259g	120	6.177845	69.315804	77.618866
KLLA0_B13277g	134	3.313382	37.176350	41.629559
KLLA0_C15785g	695	5.163898	57.939251	64.879570
KLLA0_B11187g	8	2.580000	28.947760	32.415298
KLLA0_B06688r	1	0.246575	2.766587	3.097985
KLLA0_F07711g	40	1.700680	19.081736	21.367460
KLLA0_F24838g	478	7.634369	85.658089	95.918739
KLLA0_F02211g	43	2.643636	29.661758	33.214825
KLLA0_B09658g	10	0.482993	5.419211	6.068357
KLLA0_D07678g	0	0.000000	0.000000	0.000000
KLLA0_C17006g	26	0.649949	7.292468	8.166004
KLLA0_C10736g	258	4.050000	45.441250	50.884483
KLLA0_B13409g	0	0.000000	0.000000	0.000000
KLLA0_D19965g	87	9.964024	111.796959	125.188683
KLLA0_B00264g	11	0.296360	3.325177	3.723487
ENSRNAG049935405	1	0.090164	1.011646	1.132827
KLLA0_F21846g	1	0.039788	0.446424	0.499899
KLLA0_C07535g	84	2.259200	25.348364	28.384745
KLLA0_B08547g	70	9.740438	109.288322	122.379532
KLLA0_C18029g	294	12.962770	145.443085	162.865128
ENSRNAG049935497	2	0.866667	9.724056	10.888864
KLLA0_F26433g	627	18.049286	202.514099	226.772476
KLLA0_E08537g	175	6.316987	70.876984	79.367058
KLLA0_E11837g	189	10.429968	117.024887	131.042831
KLLA0_D13871g	156	34.776318	390.192444	436.932037
KLLA0_B04202g	62	0.996518	11.180993	12.520321
KLLA0_F08899g	52	1.248580	14.009144	15.687245
KLLA0_A09119g	595	9.338874	104.782738	117.334251
KLLA0_F13112g	29	1.233589	13.840944	15.498897
KLLA0_D19921g	12	0.708920	7.954126	8.906919
KLLA0_A05863g	21	0.933333	10.472054	11.726460
KLLA0_D14685g	3293	101.571083	1139.633789	1276.145996
KLLA0_C01694g	1450	40.201740	451.066010	505.097412
KLLA0_F09141g	1	0.040149	0.450474	0.504435
ENSRNAG049935419	228	3.457244	38.790489	43.437050
KLLA0_F00814g	59	0.956342	10.730216	12.015547
KLLA0_A05027g	308	21.179489	237.635162	266.100555
KLLA0_C01232g	87	4.008174	44.971958	50.358974
KLLA0_B02651g	22	0.806941	9.053927	10.138462
KLLA0_D00187g	45	5.172941	58.040722	64.993187
KLLA0_C09152g	192	5.463646	61.302441	68.645622
KLLA0_C00715g	22	0.732543	8.219177	9.203721
KLLA0_E13685g	20	0.484305	5.433932	6.084841
KLLA0_A11528g	31	2.084337	23.386391	26.187754
KLLA0_E15753g	28	5.387597	60.449173	67.690140
KLLA0_F23078g	641	36.290001	407.176056	455.950043
KLLA0_F20658g	167	2.614343	29.333088	32.846786
KLLA0_A05566g	8	1.416667	15.895091	17.799101
KLLA0_E11683g	63	1.448858	16.256275	18.203552
KLLA0_B06930r	0	0.0	0.0	0.0
KLLA0_D15202g	167	2.991887	33.569157	37.590275
KLLA0_E03191g	11	0.233463	2.619469	2.933245
KLLA0_C11341g	26	1.856322	20.828047	23.322958
KLLA0_F04059g	651	19.401754	217.688889	243.764969
KLLA0_F27071g	479	7.831407	87.868874	98.394333
KLLA0_F11484g	42	0.842790	9.456156	10.588872
KLLA0_E04225g	189	11.442857	128.389557	143.768845
KLLA0_F07887g	2	0.197411	2.214964	2.480285
KLLA0_E03675g	484	6.118303	68.647736	76.870781
KLLA0_F12056g	328	15.399632	172.784836	193.482040
KLLA0_B03564g	189	8.897507	99.830566	111.788887
KLLA0_E05941g	2910	531.849487	5967.383789	6682.193359
KLLA0_D16302g	7	0.493392	5.535889	6.199011
KLLA0_D10593g	23	0.406407	4.559912	5.106125
KLLA0_D00330g	2	0.043951	0.493133	0.552203
KLLA0_F26477g	1790	34.880352	391.359711	438.239136
KLLA0_E01673g	92	3.293701	36.955528	41.382286
KLLA0_A00869g	229	4.049601	45.436771	50.879467
KLLA0_F09889g	1360	22.344616	250.707962	280.739288
KLLA0_C08239g	241	9.497674	106.564484	119.329430
KLLA0_E14301g	21	0.908781	10.196579	11.417987
KLLA0_B07975g	14	2.017857	22.640480	25.352495
KLLA0_D09955g	147	3.440460	38.602173	43.226177
KLLA0_F03102g	16	0.873638	9.802272	10.976448
KLLA0_F08767g	11	1.811448	20.324558	22.759157
KLLA0_F26653g	14	0.291667	3.272522	3.664524
KLLA0_C04730g	1	0.010870	0.121962	0.136571
KLLA0_E08449g	160	6.394799	71.750038	80.344696
KLLA0_E20131g	724	9.329795	104.680878	117.220184
KLLA0_C05126g	556	43.922485	492.812988	551.845093
KLLA0_E01937g	53	1.826804	20.496855	22.952091
KLLA0_B08569g	142	7.093688	79.591614	89.125587
KLLA0_F03168g	31	0.994220	11.155210	12.491448
KLLA0_B06116g	379	6.110583	68.561111	76.773788
KLLA0_D03971g	7	1.103333	12.379464	13.862351
KLLA0_E13575g	229	4.732927	53.103733	59.464821
KLLA0_E11573g	66	2.260987	25.368416	28.407196
KLLA0_A02453g	1258	73.463921	824.269714	923.005737
KLLA0_C14322g	456	41.886486	469.968964	526.264709
KLLA0_F27225g	224	8.146323	91.402252	102.350960
KLLA0_E04071g	207	4.971159	55.776711	62.457985
KLLA0_E08427r	1	0.243243	2.729201	3.056122
KLLA0_E02245g	41	1.703795	19.116684	21.406597
KLLA0_D14333g	254	20.883495	234.314102	262.381683
KLLA0_F07161g	79	3.084496	34.608238	38.753819
KLLA0_F13354g	332	8.628382	96.810974	108.407585
KLLA0_C18843g	9	0.269780	3.026948	3.389534
KLLA0_D16368g	55	1.801432	20.212179	22.633316
ENSRNAG049935523	121	52.813057	592.565735	663.546875
KLLA0_E13377g	51	2.712169	30.430702	34.075878
KLLA0_B06523g	5	0.078156	0.876915	0.981957
KLLA0_B09372g	59	3.366213	37.769119	42.293331
KLLA0_F20009g	6853	677.290710	7599.243652	8509.526367
KLLA0_C09438r	0	0.000000	0.000000	0.000000
KLLA0_F15950g	194	7.005674	78.604095	88.019768
KLLA0_B06842g	305	7.651873	85.854492	96.138657
KLLA0_E00111g	1	0.013563	0.152178	0.170406
KLLA0_A01628g	610	25.106537	281.696899	315.440247
KLLA0_B12133g	229	3.702961	41.547451	46.524258
KLLA0_D06259g	74	1.608269	18.044876	20.206402
KLLA0_D15268g	30	0.815732	9.152564	10.248913
KLLA0_E18371g	94	2.335297	26.202177	29.340832
KLLA0_F04345g	80	1.590465	17.845114	19.982712
KLLA0_B09834g	58	4.264069	47.843117	53.574055
KLLA0_F09790g	55	5.231061	58.692825	65.723412
KLLA0_D03410g	22	1.497245	16.799181	18.811489
KLLA0_C06930g	146	3.559233	39.934814	44.718449
KLLA0_E21451g	112	1.881378	21.109179	23.637762
KLLA0_D07524g	78	9.737745	109.258102	122.345695
KLLA0_F07348g	3	0.556818	6.247532	6.995900
KLLA0_D06446g	1197	14.286985	160.300858	179.502655
KLLA0_A06732g	1038	50.368572	565.138489	632.834229
KLLA0_E11001g	2	0.108138	1.213315	1.358653
KLLA0_E24267g	27	0.988253	11.088260	12.416478
KLLA0_C05170g	131	20.239393	227.087234	254.289139
KLLA0_C17732g	265	3.759554	42.182426	47.235294
KLLA0_D12254g	46	1.492218	16.742777	18.748329
KLLA0_E19625g	418	3.310924	37.148773	41.598679
KLLA0_F22176g	28	1.609040	18.053528	20.216089
KLLA0_B01562g	11	1.258503	14.120481	15.811918
KLLA0_F22000g	149	3.187238	35.761005	40.044678
KLLA0_B04092g	200	4.366796	48.995716	54.864727
KLLA0_D08734g	207	11.404762	127.962135	143.290207
KLLA0_E24905g	3811	350.196411	3929.225098	4399.892090
KLLA0_F04818g	34	1.166667	13.090075	14.658085
KLLA0_B12177g	13	0.465083	5.218260	5.843335
KLLA0_F25003g	232	29.604010	332.158813	371.946808
KLLA0_B13343g	263	18.807314	211.019226	236.296387
KLLA0_D07139g	45	5.150685	57.791000	64.713562
KLLA0_F20834g	95	2.609400	29.277630	32.784679
KLLA0_E13333g	254	26.284554	294.914307	330.240936
KLLA0_B00737g	4	0.167563	1.880067	2.105273
KLLA0_D04444g	11	0.272495	3.057411	3.423646
KLLA0_E09417g	130	15.595745	174.985229	195.946014
KLLA0_E10275g	795	16.948557	190.163849	212.942825
ENSRNAG049935401	88	2.474173	27.760376	31.085680
KLLA0_D19855g	35	1.165997	13.082559	14.649667
KLLA0_F15983r	127	58.333332	654.503601	732.903992
KLLA0_D16731g	558	25.981737	291.516693	326.436340
KLLA0_D14377g	92	3.647975	40.930504	45.833408
KLLA0_C18546g	160	20.441103	229.350433	256.823425
KLLA0_D14575g	52	2.195688	24.635754	27.586775
KLLA0_E22199g	556	59.715195	670.008179	750.265808
KLLA0_D13816g	82	5.792190	64.988731	72.773476
KLLA0_A03982g	2631	99.805801	1119.827148	1253.966919
KLLA0_E20527g	569	14.848950	166.606140	186.563232
KLLA0_F00418g	406	7.568606	84.920219	95.092484
KLLA0_F07249g	42	2.771725	31.098927	34.824142
KLLA0_D12628g	98	2.869315	32.193890	36.050270
KLLA0_A00847g	3	0.192848	2.163766	2.422956
KLLA0_E15841g	296	9.173358	102.925636	115.254700
KLLA0_E20945g	6	0.183995	2.064435	2.311726
KLLA0_E21539g	103	4.364090	48.965359	54.830727
KLLA0_D18238g	567	20.117605	225.720764	252.758987
KLLA0_F27775g	39	4.795620	53.807152	60.252499
KLLA0_F17974g	178	38.713676	434.369812	486.401276
KLLA0_E15401g	75	1.773408	19.897747	22.281219
KLLA0_E15995g	1	0.083333	0.935001	1.047002
KLLA0_F09251g	78	5.134115	57.605091	64.505371
KLLA0_A03003g	183	15.292282	171.580338	192.133286
ENSRNAG049935432	1	0.291667	3.272522	3.664524
KLLA0_E06425g	295	5.070778	56.894440	63.709602
KLLA0_C11275g	12	0.531455	5.962957	6.677237
KLLA0_E06975g	181	1.109824	12.452293	13.943905
KLLA0_E17623g	4	0.457421	5.132292	5.747069
KLLA0_C03201g	75	1.951869	21.900091	24.523417
KLLA0_F10153g	730	66.308380	743.984070	833.103027
KLLA0_B14553g	6	0.426492	4.785266	5.358475
KLLA0_D12936g	21	1.199530	13.458800	15.070977
KLLA0_A11242g	72	3.455146	38.766953	43.410690
KLLA0_D18711g	32	1.886179	21.163044	23.698082
KLLA0_E15049g	935	38.019939	426.586060	477.685150
KLLA0_F08283g	0	0.0	0.0	0.0
KLLA0_E16985g	23	2.217726	24.883022	27.863663
KLLA0_C09196g	194	10.382755	116.495148	130.449646
KLLA0_C14476g	2	0.104907	1.177063	1.318059
KLLA0_F25982g	71	10.443479	117.176476	131.212585
KLLA0_C10901g	269	40.785713	457.618225	512.434509
KLLA0_A11550g	21	0.997183	11.188456	12.528676
KLLA0_F08393g	3850	129.850525	1456.930908	1631.450928
KLLA0_B13970g	62	7.365967	82.646599	92.546516
KLLA0_E00793g	45	1.454955	16.324684	18.280155
KLLA0_E01299g	25	1.608142	18.043453	20.204807
KLLA0_E22617g	144	2.353965	26.411633	29.575378
KLLA0_C07689g	6	0.137883	1.547056	1.732371
KLLA0_F09603g	4	0.174648	1.959561	2.194289
KLLA0_C10230g	5	0.280952	3.152299	3.529900
KLLA0_D19338g	11	1.325980	14.877576	16.659704
KLLA0_A10417g	3	0.072131	0.809314	0.906259
KLLA0_F11396g	158	13.375000	150.068314	168.044418
KLLA0_F14729g	20	1.159011	13.004174	14.561893
KLLA0_A03157g	67	1.210153	13.577991	15.204446
KLLA0_F26268g	450	17.274509	193.821060	217.038132
KLLA0_C01111g	1788	57.565655	645.890198	723.258850
KLLA0_F01276g	571	18.659615	209.362030	234.440674
KLLA0_F26114g	287	12.446428	139.649689	156.377777
KLLA0_F26092g	413	14.873588	166.882568	186.872787
KLLA0_C18403g	24	1.234043	13.846039	15.504601
KLLA0_D19646g	290	15.617990	175.234802	196.225494
KLLA0_F14993g	63	2.890090	32.426987	36.311291
KLLA0_A04631g	41	1.193103	13.386689	14.990228
KLLA0_E03939g	318	12.395807	139.081726	155.741776
KLLA0_B06864g	30	1.670022	18.737749	20.982271
KLLA0_C05302g	102	11.967592	134.277130	150.361649
KLLA0_C12529g	13	1.160360	13.019310	14.578843
KLLA0_A09097g	239	5.027709	56.411205	63.168480
KLLA0_C08910g	3	0.341954	3.836745	4.296334
KLLA0_C13211g	157	3.753052	42.109474	47.153603
KLLA0_F09383g	25	1.617761	18.151379	20.325661
KLLA0_A08712g	56	3.807018	42.714977	47.831635
KLLA0_B13926g	9	0.259259	2.908902	3.257348
KLLA0_E06007g	51	0.706897	7.931428	8.881502
KLLA0_C05368g	240	2.531548	28.404123	31.806543
KLLA0_D06149g	231	11.188571	125.536461	140.573975
KLLA0_F04213g	1038	22.927612	257.249207	288.064087
KLLA0_F25872g	0	0.0	0.0	0.0
KLLA0_D12650g	66	1.712168	19.210630	21.511797
ENSRNAG049935340	0	0.000000	0.000000	0.000000
KLLA0_C07579g	235	6.423656	72.073814	80.707253
KLLA0_C17138g	91	4.020833	45.113995	50.518021
KLLA0_D09482g	206	10.793210	121.100479	135.606628
KLLA0_D15653g	2630	109.576797	1229.458374	1376.730469
KLLA0_E16875g	327	10.891945	122.208290	136.847153
ENSRNAG049935464	0	0.000000	0.000000	0.000000
KLLA0_F00990g	133	6.366384	71.431221	79.987686
KLLA0_C02629g	87	4.513292	50.639412	56.705311
KLLA0_B13365g	7	0.815385	9.148669	10.244554
KLLA0_B09020g	418	21.048468	236.165100	264.454407
KLLA0_F21120g	2549	171.266144	1921.616699	2151.799561
KLLA0_B11363g	3	0.170940	1.917957	2.147702
KLLA0_C14135g	335	20.922794	234.755035	262.875427
KLLA0_F17776g	363	11.138388	124.973396	139.943466
KLLA0_F16929g	165	25.201200	282.759033	316.629608
KLLA0_B10560g	8	0.268257	3.009860	3.370399
KLLA0_A11660g	3	0.104900	1.176984	1.317971
KLLA0_C05082g	113	5.354808	60.081272	67.278175
KLLA0_E18129g	117	2.294457	25.743946	28.827715
KLLA0_E10341g	323	13.228915	148.429245	166.209000
KLLA0_B03542g	123	3.153496	35.382420	39.620739
KLLA0_D16170g	20	1.049784	11.778641	13.189558
KLLA0_F26202g	15	0.498982	5.598609	6.269244
KLLA0_C07040g	101	3.325581	37.313225	41.782829
KLLA0_D10439g	2380	83.221535	933.750793	1045.601074
KLLA0_B13321g	35	2.929648	32.870831	36.808300
KLLA0_E05567g	47	5.087607	57.083263	63.921043
KLLA0_C08800g	9	0.930380	10.438921	11.689359
KLLA0_D07656g	6	0.193503	2.171116	2.431185
KLLA0_E17799g	2	0.105909	1.188305	1.330648
KLLA0_A09207g	270	33.708332	378.209564	423.513794
KLLA0_A01430g	226	9.991297	112.102966	125.531342
KLLA0_F06622g	63	2.219207	24.899641	27.882269
KLLA0_D07405g	327	51.466049	577.452209	646.622986
KLLA0_B00242g	29	0.829198	9.303653	10.418100
KLLA0_C03630g	56	2.892277	32.451527	36.338768
KLLA0_C18821g	57	2.146577	24.084724	26.969742
KLLA0_F08107g	565	56.786983	637.153442	713.475586
KLLA0_E02883g	9	0.674566	7.568672	8.475293
KLLA0_D10659g	25	1.815789	20.373264	22.813698
KLLA0_D13079g	1	0.149813	1.680911	1.882261
KLLA0_E06315g	42	1.618071	18.154856	20.329556
KLLA0_E04775g	102	2.426629	27.226929	30.488333
KLLA0_D04532g	39	1.819597	20.415991	22.861542
KLLA0_D07436g	77	8.697987	97.591949	109.282104
KLLA0_B04477g	6	0.074519	0.836108	0.936262
KLLA0_F05445g	200	7.095737	79.614601	89.151329
KLLA0_E16017g	0	0.0	0.0	0.0
KLLA0_F10461g	18	0.446617	5.011070	5.611327
ENSRNAG049935406	3	0.746193	8.372331	9.375220
KLLA0_A01650g	364	15.361526	172.357269	193.003265
KLLA0_B14344g	518	20.910530	234.617447	262.721344
KLLA0_F12078g	210	25.300236	283.870209	317.873901
ENSRNAG049935348	1	0.228221	2.560654	2.867384
KLLA0_F21406g	58	1.392823	15.627561	17.499523
KLLA0_B01353g	867	10.616714	119.120178	133.389130
KLLA0_F15928g	32	1.184134	13.286057	14.877541
KLLA0_C18865g	60	3.462585	38.850418	43.504154
KLLA0_E11705g	380	25.020672	280.733490	314.361450
KLLA0_A11836g	601	31.678053	355.429688	398.005219
KLLA0_D12430g	1	0.005569	0.062485	0.069969
KLLA0_B14190g	76	5.152000	57.805756	64.730080
KLLA0_A08536g	85	4.777778	53.606964	60.028332
KLLA0_B03113g	100	2.561430	28.739403	32.181984
KLLA0_C03091g	60	9.201835	103.245155	115.612488
KLLA0_E21781g	335	17.036926	191.155365	214.053116
KLLA0_B03355g	157	6.191473	69.468712	77.790092
KLLA0_B11407g	122	6.838284	76.725967	85.916672
KLLA0_A07645g	2	0.111111	1.246672	1.396006
KLLA0_D12144g	1	0.027923	0.313298	0.350827
KLLA0_F14861g	10	0.284181	3.188528	3.570470
KLLA0_B12518g	2	0.073003	0.819098	0.917215
ENSRNAG049935327	0	0.0	0.0	0.0
KLLA0_F24486g	76	4.521127	50.727329	56.803749
KLLA0_E13839g	0	0.000000	0.000000	0.000000
KLLA0_C11759g	590	11.592978	130.073914	145.654968
KLLA0_E14785g	75	4.068596	45.649899	51.118118
ENSRNAG049935507	0	0.0	0.0	0.0
KLLA0_E22507g	413	9.256715	103.860916	116.302002
KLLA0_E05215g	21	2.825397	31.701128	35.498482
KLLA0_A07359g	146	3.599513	40.386757	45.224529
KLLA0_A09471g	41	0.456536	5.122362	5.735950
KLLA0_E08933g	8	0.497475	5.581700	6.250310
KLLA0_C00264g	88	5.742600	64.432327	72.150421
KLLA0_E13003g	198	4.988131	55.967136	62.671223
KLLA0_E05699g	3	0.086697	0.972746	1.089267
KLLA0_B07337g	27	2.570881	28.845440	32.300724
KLLA0_F15686g	0	0.000000	0.000000	0.000000
KLLA0_F17457g	37	1.916667	21.505121	24.081137
KLLA0_E23453g	620	12.742442	142.970978	160.096924
KLLA0_D13948g	225	13.544917	151.974808	170.179276
KLLA0_D03740g	11	1.609610	18.059923	20.223251
KLLA0_A07623g	4	0.221780	2.488385	2.786459
KLLA0_C13409g	375	16.259354	182.430954	204.283646
KLLA0_B10736g	181	5.818758	65.286827	73.107277
KLLA0_C11847g	116	5.179012	58.108829	65.069466
KLLA0_F12980g	192	7.059163	79.204247	88.691811
KLLA0_F07381g	278	17.408363	195.322906	218.719879
KLLA0_C08547g	64	2.090439	23.454855	26.264421
KLLA0_E10407g	1341	20.495504	229.960815	257.506927
KLLA0_B07535g	124	2.377273	26.673151	29.868221
KLLA0_A11264r	1	0.277778	3.116686	3.490022
KLLA0_D03817g	11	1.170886	13.137413	14.711092
KLLA0_B04268r	1	0.136986	1.536991	1.721102
KLLA0_C01969g	142	2.368076	26.569960	29.752670
KLLA0_B06754g	253	10.874788	122.015793	136.631577
KLLA0_F05676g	5151	105.361816	1182.166138	1323.773071
KLLA0_E08295g	3	0.187266	2.101136	2.352823
KLLA0_D08811g	326	29.094736	326.444733	365.548248
KLLA0_F18458g	138	16.595745	186.205276	208.510086
KLLA0_B04114r	1	0.092846	1.041738	1.166524
KLLA0_D13090g	82	3.823260	42.897213	48.035702
KLLA0_E06689g	321	13.676691	153.453323	171.834885
KLLA0_F27885g	168	11.095980	124.497581	139.410660
KLLA0_C02431g	11	0.645985	7.247992	8.116199
KLLA0_F07601g	2	0.101307	1.136671	1.272828
KLLA0_E01915g	471	7.451583	83.607224	93.622200
ENSRNAG049935373	0	0.0	0.0	0.0
KLLA0_E14807g	66	2.800168	31.418056	35.181503
KLLA0_D17924r	88	2.475549	27.775812	31.102968
KLLA0_F02970g	3	0.076768	0.861342	0.964518
KLLA0_D06039g	168	6.443688	72.298576	80.958939
ENSRNAG049935356	0	0.0	0.0	0.0
KLLA0_D14157g	67	11.133986	124.924019	139.888168
KLLA0_F22561g	141	4.396064	49.324104	55.232449
KLLA0_A05049g	1	0.087248	0.978928	1.096190
KLLA0_A00594g	719	6.988183	78.407845	87.800011
KLLA0_F05423g	37	2.102132	23.586052	26.411331
KLLA0_B01694g	115	10.062176	112.898239	126.421867
KLLA0_F06061g	132	25.949612	291.156250	326.032715
KLLA0_C16181g	7	0.208171	2.335691	2.615475
KLLA0_D02398g	395	5.565229	62.442211	69.921921
KLLA0_C02651g	380	39.109093	438.806427	491.369324
KLLA0_D05038g	129	3.252720	36.495720	40.867397
KLLA0_B09152g	11	0.256373	2.876521	3.221088
KLLA0_B00715g	121	2.501827	28.070654	31.433126
KLLA0_E09747g	98	18.094202	203.018066	227.336792
KLLA0_E13157g	8	0.319777	3.587918	4.017700
KLLA0_A00440g	347	16.564608	185.855927	208.118881
KLLA0_C14212g	265	4.318284	48.451416	54.255219
KLLA0_D02288g	301	9.797185	109.925011	123.092506
ENSRNAG049935471	0	0.0	0.0	0.0
KLLA0_F03399g	7	0.189785	2.129400	2.384472
KLLA0_C15675g	13	1.952381	21.905836	24.529850
KLLA0_F00748g	8	0.549275	6.162899	6.901129
KLLA0_E18987g	28	1.453619	16.309694	18.263369
KLLA0_B07315r	0	0.0	0.0	0.0
KLLA0_E11331g	252	8.343080	93.609863	104.823021
KLLA0_E14081r	1	0.397394	4.458786	4.992886
KLLA0_C17985g	2	0.018702	0.209838	0.234973
KLLA0_B11341g	36	1.297826	14.561688	16.305975
KLLA0_D12034g	6	0.129433	1.452246	1.626205
KLLA0_C15191g	350	8.665693	97.229614	108.876366
KLLA0_E19097g	221	8.894695	99.799034	111.753563
KLLA0_E09285g	1003	40.091766	449.832092	503.715729
KLLA0_A04840g	149	13.191972	148.014740	165.744843
KLLA0_F13618g	277	6.216491	69.749413	78.104424
KLLA0_B08239g	13	0.127360	1.428987	1.600160
KLLA0_D16632g	79	4.972637	55.793297	62.476555
KLLA0_F12826g	5	0.417563	4.685082	5.246290
KLLA0_C03564g	424	5.148571	57.767284	64.686996
KLLA0_E10363g	60	3.620939	40.627159	45.493725
KLLA0_D17182g	116	2.122523	23.814838	26.667524
KLLA0_B11946g	1	0.038636	0.433498	0.485425
KLLA0_F08954g	1311	60.558876	679.474304	760.865906
KLLA0_E18151g	27	0.261442	2.933395	3.284775
KLLA0_F17611g	8	0.895833	10.051302	11.255307
KLLA0_D03421r	45	25.076923	281.364624	315.068207
KLLA0_E09395g	101	3.812917	42.781162	47.905750
KLLA0_C07425g	5	0.155805	1.748142	1.957545
KLLA0_C07975g	7716	851.720764	9556.359375	10701.078125
KLLA0_E14631g	124	2.488981	27.926519	31.271729
ENSRNAG049935429	13	3.659091	41.055225	45.973072
KLLA0_B04730g	74	2.988862	33.535213	37.552269
KLLA0_E08977g	136	2.158864	24.222588	27.124115
KLLA0_F27907g	29	3.209713	36.013176	40.327053
KLLA0_F20339g	226	12.722037	142.742050	159.840546
KLLA0_F00682g	78	7.826430	87.813026	98.331802
KLLA0_B03234g	11	0.226087	2.536710	2.840573
KLLA0_B07425r	1	0.472222	5.298360	5.933030
KLLA0_D00231g	29	0.829198	9.303653	10.418100
KLLA0_F14751g	217	13.073546	146.685989	164.256927
KLLA0_C19019g	154	5.094401	57.159492	64.006401
KLLA0_C11869g	145	12.545918	140.765991	157.627777
KLLA0_C12925g	841	25.017513	280.698059	314.321777
KLLA0_B14322g	233	9.924812	111.357010	124.696022
KLLA0_C08569g	6	0.569288	6.387446	7.152574
KLLA0_F02057g	1754	61.445362	689.420715	772.003784
ENSRNAG049935482	1	0.092846	1.041738	1.166524
KLLA0_D17699r	12096	183.375778	2057.487549	2303.945801
KLLA0_C06116g	494	10.665395	119.666389	134.000763
KLLA0_C18755g	0	0.0	0.0	0.0
KLLA0_D11110g	507	16.231010	182.112930	203.927521
KLLA0_C09372g	59	3.344633	37.526989	42.022198
KLLA0_E18833g	420	12.352365	138.594284	155.195969
KLLA0_B10934g	3	0.170604	1.914187	2.143480
KLLA0_B07590r	1	0.410256	4.603097	5.154485
KLLA0_F18766g	110	27.082125	303.863129	340.261658
KLLA0_A06336g	157	14.356757	161.083710	180.379288
KLLA0_F05533r	1	0.097222	1.090837	1.221504
KLLA0_E08317g	18	0.319957	3.589937	4.019962
KLLA0_D18073g	202	5.361502	60.156384	67.362282
KLLA0_C06842g	37	1.872873	21.013750	23.530905
KLLA0_E04907g	130	5.608991	62.933228	70.471748
KLLA0_C12133g	154	8.429032	94.574265	105.902939
KLLA0_D02464g	598	44.571636	500.096497	560.001099
KLLA0_E19207g	9	0.194444	2.181674	2.443008
KLLA0_A07106g	826	45.145767	506.538300	567.214539
KLLA0_A07799g	1973	40.398392	453.272461	507.568176
KLLA0_C12551g	73	2.018640	22.649265	25.362331
KLLA0_C00528g	22	3.116809	34.970787	39.159801
KLLA0_F17886g	170	8.224121	92.275146	103.328423
KLLA0_C19382g	514	20.833731	233.755737	261.756409
KLLA0_E07899g	64	2.180779	24.468475	27.399458
ENSRNAG049935475	34	18.616850	208.882202	233.903381
KLLA0_B14212r	0	0.000000	0.000000	0.000000
KLLA0_D12122g	8	1.133903	12.722462	14.246435
KLLA0_E11815g	34	0.450066	5.049768	5.654660
KLLA0_F23419g	139	4.102207	46.027020	51.540413
KLLA0_E08515g	58	3.000000	33.660183	37.692207
KLLA0_C18700g	22	0.285234	3.200343	3.583700
KLLA0_A08129g	693	9.269430	104.003578	116.461754
KLLA0_F00572g	388	11.029543	123.752151	138.575943
KLLA0_F02321g	12	0.658565	7.389140	8.274256
KLLA0_E16589g	224	25.172186	282.433472	316.265076
KLLA0_E12783g	153	11.719457	131.493027	147.244064
KLLA0_F15576g	24	0.777128	8.719424	9.763889
KLLA0_F17501g	65	3.341488	37.491699	41.982685
KLLA0_F09229g	34	4.348718	48.792885	54.637592
KLLA0_A06017g	17	0.605398	6.792603	7.606262
KLLA0_F08228g	2073	123.166664	1381.937500	1547.474487
KLLA0_E00485g	54	5.032967	56.470203	63.234543
KLLA0_C12177g	2	0.077044	0.864438	0.967986
KLLA0_F09735g	177	3.296012	36.981457	41.411320
KLLA0_A10109g	59	1.956863	21.956125	24.586161
KLLA0_B11594g	11	1.565217	17.561831	19.665495
KLLA0_E09769g	676	19.773378	221.858521	248.434082
KLLA0_C01562g	33	2.796955	31.382010	35.141136
KLLA0_F13508g	12	0.781333	8.766605	9.816722
KLLA0_D10065g	823	29.936474	335.889069	376.123932
ENSRNAG049935513	0	0.000000	0.000000	0.000000
KLLA0_E15599g	93	6.773449	75.998512	85.102081
KLLA0_F05313g	21	1.703333	19.111502	21.400793
KLLA0_F10879g	4749	199.335800	2236.560059	2504.468750
KLLA0_F07491r	0	0.000000	0.000000	0.000000
KLLA0_E20923g	5	0.182304	2.045462	2.290480
KLLA0_E02773g	59	9.234569	103.612427	116.023758
KLLA0_F02365g	0	0.0	0.0	0.0
KLLA0_D01155g	821	41.491070	465.532379	521.296631
KLLA0_F06644g	8	0.504470	5.660184	6.338196
KLLA0_C18282g	99	2.273551	25.509384	28.565050
KLLA0_E06579g	658	13.957970	156.609283	175.368896
KLLA0_E18877g	311	4.611354	51.739677	57.937370
KLLA0_C17336g	685	24.093859	270.334564	302.716888
KLLA0_C13343g	26	2.086888	23.415012	26.219807
KLLA0_E19471g	154	4.546458	51.011536	57.122009
KLLA0_E17359g	292	37.819340	424.335297	475.164795
KLLA0_E01805g	24	1.252838	14.056920	15.740743
KLLA0_C00737g	42	0.854916	9.592210	10.741223
KLLA0_E07767g	2593	93.769714	1052.101929	1178.129150
KLLA0_D13200g	50	1.523896	17.098206	19.146334
KLLA0_E20549g	44	0.685289	7.688985	8.610018
KLLA0_E14917g	43	1.990842	22.337370	25.013075
KLLA0_E21935g	41	1.580670	17.735214	19.859646
KLLA0_F02926g	8	0.366667	4.114027	4.606829
KLLA0_E17645g	101	8.104266	90.930367	101.822556
KLLA0_D10021g	1857	62.630291	702.715698	786.891296
KLLA0_E10759r	1	0.136986	1.536991	1.721102
KLLA0_B13024g	42	5.672000	63.640190	71.263397
KLLA0_F07227g	315	12.873896	144.445908	161.748520
KLLA0_E04885g	43	0.945247	10.605729	11.876148
ENSRNAG049935351	0	0.0	0.0	0.0
KLLA0_E00859g	8	0.649030	7.282157	8.154457
KLLA0_D08668g	141	6.536986	73.345390	82.131142
KLLA0_D04246r	0	0.000000	0.000000	0.000000
KLLA0_D19184g	6	0.373114	4.186362	4.687830
KLLA0_F23056r	0	0.0	0.0	0.0
KLLA0_C09801g	38	1.073571	12.045532	13.488420
KLLA0_E17117g	44	2.220896	24.918591	27.903490
KLLA0_F07733g	6	0.264337	2.965878	3.321148
KLLA0_D01958g	354	5.319670	59.687027	66.836700
KLLA0_F06710g	1216	18.828928	211.261719	236.567947
KLLA0_D18502g	97	3.569869	40.054150	44.852081
KLLA0_D07095g	324	22.245613	249.597153	279.495422
KLLA0_D03014g	15	0.965879	10.837222	12.135370
KLLA0_B11275g	206	17.661615	198.164413	221.901764
KLLA0_D09669g	2	0.247549	2.777515	3.110223
KLLA0_A00759g	14	0.582677	6.537672	7.320794
KLLA0_D15433r	0	0.0	0.0	0.0
KLLA0_F18106g	6	0.170621	1.914378	2.143694
KLLA0_D09174g	33	1.067688	11.979526	13.414505
KLLA0_A02783r	2	1.175676	13.191157	14.771275
KLLA0_E15027g	28	1.649245	18.504631	20.721228
KLLA0_E24509g	784	89.346756	1002.476074	1122.558716
KLLA0_E01519r	0	0.000000	0.000000	0.000000
KLLA0_D17666r	87	2.438195	27.356697	30.633650
KLLA0_B14476g	34	1.418350	15.913974	17.820248
KLLA0_D13904g	44	6.571429	73.731834	82.563889
KLLA0_E15863g	1	0.010753	0.120649	0.135101
KLLA0_F23870g	2242	58.799381	659.732666	738.759460
KLLA0_B09196g	276	7.934574	89.026413	99.690536
KLLA0_E19119g	143	17.264286	193.706345	216.909683
KLLA0_E05325g	299	5.788813	64.950844	72.731041
KLLA0_E05853g	168	4.530159	50.828663	56.917229
KLLA0_A08470g	41	2.063682	23.154640	25.928244
KLLA0_B07689g	206	9.259259	103.889458	116.333969
KLLA0_D18194g	332	3.803961	42.680679	47.793228
KLLA0_F04323g	956	81.601341	915.572083	1025.244873
KLLA0_E05237g	75	0.950980	10.670054	11.948178
KLLA0_E07107g	36	1.307018	14.664823	16.421465
KLLA0_B05247g	1076	41.734398	468.262512	524.353821
KLLA0_E23783g	229	7.012033	78.675446	88.099663
KLLA0_D05181g	0	0.000000	0.000000	0.000000
KLLA0_B01111g	405	10.428788	117.011642	131.028015
KLLA0_A04906g	39	1.345114	15.092261	16.900105
KLLA0_A08316g	669	16.222063	182.012543	203.815109
KLLA0_B02112g	1	0.047764	0.535915	0.600110
KLLA0_B00583g	21	0.714579	8.017620	8.978020
KLLA0_C15939g	12	0.907834	10.185953	11.406089
KLLA0_A05753g	2	0.084871	0.952258	1.066325
KLLA0_D15477r	0	0.000000	0.000000	0.000000
KLLA0_E06337g	3	0.304598	3.417608	3.826990
ENSRNAG049935476	0	0.0	0.0	0.0
KLLA0_A04301g	28	0.660648	7.412511	8.300426
KLLA0_A10769g	7	0.768398	8.621473	9.654205
KLLA0_C06864g	4	0.470449	5.278467	5.910754
KLLA0_B06347g	14	0.911647	10.228736	11.453996
KLLA0_E09109g	4	0.291667	3.272522	3.664524
KLLA0_D02442g	79	3.626016	40.684124	45.557514
KLLA0_E21429g	3	0.136752	1.534366	1.718162
KLLA0_B03927g	11	2.196787	24.648088	27.600582
KLLA0_F00704g	513	27.209375	305.290863	341.860474
KLLA0_E21979g	818	96.460648	1082.294312	1211.938232
KLLA0_E02223g	17	0.575191	6.453679	7.226739
KLLA0_B13211g	360	6.662664	74.755501	83.710167
KLLA0_F11792g	621	16.958199	190.272034	213.063965
KLLA0_E00947g	15	0.871158	9.774446	10.945289
KLLA0_F07777g	56	3.602810	40.423748	45.265953
KLLA0_D11968g	42	1.922731	21.573160	24.157324
KLLA0_F02409g	100	1.358707	15.244776	17.070889
KLLA0_F10835g	57	1.267723	14.223930	15.927759
ENSRNAG049935453	0	0.0	0.0	0.0
KLLA0_E10869g	28	3.049145	34.211597	38.309666
KLLA0_B06545g	313	35.650219	399.997650	447.911804
KLLA0_F18788g	1222	42.366665	475.356598	532.297668
KLLA0_B08910g	8	0.854167	9.583806	10.731812
KLLA0_C05632g	1	0.103030	1.156003	1.294476
KLLA0_B10197g	62	1.689175	18.952648	21.222910
KLLA0_F14597g	63	3.057803	34.308739	38.418446
KLLA0_E06535g	244	19.308411	216.641556	242.592194
KLLA0_B07579g	61	1.425542	15.994669	17.910608
KLLA0_D09559g	12	0.336758	3.778445	4.231050
KLLA0_F19360g	400	19.689856	220.921387	247.384705
KLLA0_F23980g	23	0.480888	5.395593	6.041910
KLLA0_A08426g	44	1.321321	14.825302	16.601168
KLLA0_D06127g	84	4.296072	48.202194	53.976143
KLLA0_D11902g	18	1.037931	11.645649	13.040636
KLLA0_C13926g	998	21.591505	242.258011	271.277161
KLLA0_A03377g	487	33.230255	372.845520	417.507233
KLLA0_D09647g	47	1.957816	21.966816	24.598135
KLLA0_A03575g	164	23.011019	258.185059	289.112000
ENSRNAG049935368	1	0.114155	1.280826	1.434251
KLLA0_C11363g	69	2.248391	25.227085	28.248940
KLLA0_F02343g	0	0.0	0.0	0.0
KLLA0_F25124g	17	0.289276	3.245695	3.634484
KLLA0_E24619g	99	6.983263	78.352646	87.738197
KLLA0_D11858g	152	2.602422	29.199335	32.697010
KLLA0_D08558g	21	1.346405	15.106747	16.916325
KLLA0_F04697g	12	0.617965	6.933605	7.764155
ENSRNAG049935399	2	1.186046	13.307508	14.901564
KLLA0_B02629g	112	10.582868	118.740433	132.963882
KLLA0_E12453g	81	7.200000	80.784447	90.461296
KLLA0_A01573g	330	10.367837	116.327774	130.262222
KLLA0_C13365g	15	1.879265	21.085468	23.611216
KLLA0_C09020g	2272	75.574036	847.945312	949.517334
KLLA0_B05082g	78	3.730516	41.856621	46.870461
KLLA0_C03542g	201	9.643126	108.196465	121.156898
KLLA0_F01595g	19	0.484200	5.432754	6.083522
KLLA0_E05963g	0	0.0	0.0	0.0
KLLA0_E07393g	103	2.964912	33.266495	37.251358
KLLA0_D13706g	0	0.0	0.0	0.0
KLLA0_B07040g	64	3.205128	35.961735	40.269447
KLLA0_C06468g	126	3.658676	41.050571	45.967857
KLLA0_D10043g	16	0.554874	6.225720	6.971475
KLLA0_A01001g	5245	166.967545	1873.386108	2097.791748
KLLA0_C04433g	164	7.550725	84.719604	94.867828
KLLA0_D04972g	6	0.235925	2.647093	2.964178
KLLA0_A05434g	64	1.951526	21.896242	24.519106
KLLA0_D19272g	361	8.256168	92.634720	103.731071
KLLA0_D19008g	95	3.789598	42.519524	47.612770
KLLA0_D04422g	760	24.673677	276.840179	310.001801
KLLA0_E21319g	475	21.155731	237.368607	265.802063
ENSRNAG049935317	0	0.0	0.0	0.0
KLLA0_D02266g	267	9.019257	101.196617	113.318565
KLLA0_E07283g	32	1.536723	17.242128	19.307493
KLLA0_F28105g	31	4.561403	51.179222	57.309780
KLLA0_C13321g	12	0.800270	8.979079	10.054647
KLLA0_B08800g	144	4.258611	47.781879	53.505482
KLLA0_A08987r	1	0.228310	2.561652	2.868503
KLLA0_A04081g	55	1.758838	19.734270	22.098162
KLLA0_B05269g	1	0.114943	1.289667	1.444152
KLLA0_F13794g	46	1.918537	21.526102	24.104631
KLLA0_C03300g	979	20.121323	225.762497	252.805679
KLLA0_C09911g	168	1.960514	21.997087	24.632032
KLLA0_A10395g	67	3.806780	42.712307	47.828644
KLLA0_C00242g	64	10.368589	116.336220	130.271667
KLLA0_C18051g	24	0.870370	9.765605	10.935389
KLLA0_C04477g	933	12.639288	141.813599	158.800888
KLLA0_B06198r	30	14.378641	161.329239	180.654236
KLLA0_C00550g	51	10.341366	116.030762	129.929626
KLLA0_D18909g	5	0.237113	2.660422	2.979104
KLLA0_F18260g	21696	1056.790405	11857.253906	13277.586914
KLLA0_C14344g	147	1.643845	18.444042	20.653381
KLLA0_A10285g	688	40.022831	449.058624	502.849609
KLLA0_A09625g	236	15.157828	170.071777	190.444000
KLLA0_B03091g	375	25.991837	291.630005	326.563202
KLLA0_C03113g	354	8.948733	100.405334	112.432495
KLLA0_E00969g	10	0.360239	4.041904	4.526068
KLLA0_C11407g	121	2.610687	29.292068	32.800850
KLLA0_D06831g	186	12.263294	137.594910	154.076874
KLLA0_B02354g	23	0.653782	7.335474	8.214162
ENSRNAG049935355	0	0.000000	0.000000	0.000000
KLLA0_D11143g	4464	782.216492	8776.516602	9827.822266
KLLA0_A05841g	8	0.815054	9.144957	10.240395
KLLA0_E10847g	0	0.000000	0.000000	0.000000
KLLA0_E22903g	49	3.767584	42.272526	47.336185
KLLA0_C14190g	35	0.992170	11.132208	12.465693
KLLA0_C13057g	1826	74.440445	835.226318	935.274902
KLLA0_F09163g	157	6.243921	70.057175	78.449051
KLLA0_A03333g	200	4.781074	53.643944	60.069744
KLLA0_A11011g	4515	184.031967	2064.850098	2312.190186
KLLA0_B06369g	146	9.093137	102.025551	114.246796
KLLA0_F05819g	20	0.482521	5.413915	6.062427
KLLA0_F10373g	8	0.373448	4.190110	4.692026
ENSRNAG049935360	1	0.373686	4.192780	4.695016
ENSRNAG049935444	4	1.528535	17.150257	19.204618
KLLA0_F23826g	62	3.831488	42.989532	48.139080
KLLA0_B06237g	48	3.424370	38.421646	43.024021
KLLA0_D01683g	141	2.531217	28.400412	31.802385
KLLA0_D05753g	883	24.430510	274.111816	306.946594
KLLA0_F22407g	23	1.397770	15.683065	17.561678
KLLA0_D02068g	6	0.243021	2.726711	3.053333
KLLA0_D19206g	126	10.872449	121.989548	136.602203
KLLA0_D02750g	159	6.352201	71.272087	79.809486
KLLA0_E10187g	5	0.157009	1.761651	1.972672
KLLA0_D12958g	5038	119.945381	1345.794556	1507.002075
KLLA0_C02475g	294	14.411368	161.696442	181.065414
KLLA0_D04906g	91	4.240588	47.579662	53.279037
KLLA0_A05181g	0	0.0	0.0	0.0
KLLA0_E13311g	8	0.689655	7.737971	8.664873
KLLA0_E22639r	0	0.0	0.0	0.0
KLLA0_C13189g	213	10.708087	120.145393	134.537140
KLLA0_D13772g	6	0.289017	3.242789	3.631229
KLLA0_E09021g	112	3.340976	37.485954	41.976254
KLLA0_F00154g	98	3.273935	36.733753	41.133945
KLLA0_F24024g	62	8.439024	94.686371	106.028481
ENSRNAG049935341	0	0.0	0.0	0.0
KLLA0_C12485g	122	2.225342	24.968473	27.959351
KLLA0_E10561g	5	0.153944	1.727261	1.934163
KLLA0_E05545g	42	1.213587	13.616522	15.247590
KLLA0_E00177g	55	6.308942	70.786713	79.265984
KLLA0_A01760g	50	1.438356	16.138445	18.071604
KLLA0_D19448g	139	2.882641	32.343410	36.217701
KLLA0_F01419g	175	9.716774	109.022804	122.082214
KLLA0_F11638g	107	13.011991	145.995331	163.483551
KLLA0_E22089g	129	4.639773	52.058537	58.294426
KLLA0_E05347g	94	2.540267	28.501953	31.916090
KLLA0_C08822r	0	0.000000	0.000000	0.000000
KLLA0_E09065g	72	3.243148	36.388321	40.747135
KLLA0_F05291g	128	5.085289	57.057255	63.891922
KLLA0_D18480g	35	0.923276	10.359214	11.600103
KLLA0_D07854g	43	2.298742	25.792027	28.881552
KLLA0_C15807g	7	0.832080	9.335989	10.454310
KLLA0_E19955g	11	0.406830	4.564658	5.111440
KLLA0_F26895g	819	14.448252	162.110275	181.528824
KLLA0_C03179g	116	1.322741	14.841235	16.619009
KLLA0_F13662g	6	0.352304	3.952873	4.426372
KLLA0_E21671g	239	4.939578	55.422367	62.061199
KLLA0_F05467g	922	19.258713	216.083939	241.967789
KLLA0_A09669g	8	0.262383	2.943954	3.296598
KLLA0_D17864g	0	0.000000	0.000000	0.000000
KLLA0_D07766g	4	0.112925	1.267025	1.418797
KLLA0_E03301g	285	6.460000	72.481598	81.163887
KLLA0_B09108g	57	3.619048	40.605942	45.469967
ENSRNAG049935392	0	0.0	0.0	0.0
KLLA0_F14102g	10	0.225941	2.535072	2.838738
KLLA0_C03938g	18	0.502245	5.635220	6.310241
KLLA0_B00143g	98	3.273935	36.733753	41.133945
KLLA0_F04543g	20	1.641914	18.422377	20.629120
KLLA0_E00551g	188	13.097394	146.953568	164.556564
KLLA0_B10868g	53	1.550145	17.392723	19.476128
KLLA0_F12738r	3	1.972222	22.128452	24.779133
KLLA0_E00133g	98	3.273935	36.733753	41.133945
KLLA0_C16401g	14	0.375748	4.215916	4.720924
KLLA0_D01837g	251	16.590143	186.142426	208.439697
KLLA0_E14675g	37	1.094077	12.275611	13.746058
ENSRNAG049935443	0	0.0	0.0	0.0
KLLA0_B07513g	419	15.569657	174.692505	195.618240
KLLA0_C07931g	211	15.349071	172.217514	192.846786
KLLA0_B05225g	112	1.310448	14.703307	16.464560
KLLA0_B05016g	36	0.688839	7.728817	8.654620
KLLA0_C01298g	252	39.626545	444.612244	497.870636
KLLA0_B10912g	6	0.173489	1.946557	2.179728
KLLA0_D14311g	21	0.780030	8.751985	9.800350
KLLA0_E24883g	530	15.198198	170.524719	190.951202
KLLA0_F15620g	99	4.019277	45.096535	50.498474
KLLA0_E14191g	20	0.377081	4.230872	4.737671
KLLA0_F19294g	45	1.311734	14.717736	16.480717
KLLA0_F07073g	17	0.508646	5.707040	6.390663
KLLA0_A07667g	43	2.383442	26.742365	29.945728
KLLA0_B06556g	348	28.274883	317.245911	355.247589
KLLA0_F26026g	255	19.700001	221.035217	247.512161
KLLA0_E21803g	245	11.602421	130.179871	145.773621
KLLA0_C16049g	86	2.613405	29.322565	32.834999
KLLA0_D12760g	744	25.578272	286.989807	321.367157
KLLA0_E23805g	7	1.247312	13.994918	15.671313
KLLA0_A02673g	2	0.072027	0.808147	0.904952
KLLA0_E00925g	20	0.849656	9.533193	10.675137
KLLA0_D16192g	19	2.508197	28.142126	31.513159
KLLA0_D17402g	273	13.500486	151.476288	169.621033
KLLA0_F22363g	50	2.056650	23.075739	25.839890
KLLA0_E11375g	1382	80.982758	908.631592	1017.472961
KLLA0_D15763g	4	0.333333	3.740017	4.188019
KLLA0_B03212g	14	1.101161	12.355094	13.835063
KLLA0_F06160g	320	6.309302	70.790756	79.270508
KLLA0_E20857g	27	0.639475	7.174949	8.034408
KLLA0_D10285g	375	12.330103	138.344513	154.916260
KLLA0_D09625g	55	3.747967	42.052422	47.089714
KLLA0_F01727g	16	0.644444	7.230701	8.096839
KLLA0_F02277g	7	0.377926	4.240353	4.748288
KLLA0_F12023g	219	4.961299	55.666080	62.334103
KLLA0_D10395g	29	2.118421	23.768816	26.615988
KLLA0_B13992g	114	5.442871	61.069351	68.384605
KLLA0_E03081g	45	1.358604	15.243620	17.069593
KLLA0_E07723g	129	4.843311	54.342243	60.851692
KLLA0_A02937g	26	3.039352	34.101719	38.186626
KLLA0_E03455g	300	37.158150	416.916748	466.857513
KLLA0_D14806g	100	1.387744	15.570573	17.435711
KLLA0_A08382g	0	0.0	0.0	0.0
KLLA0_E01453g	3	0.290598	3.260528	3.651093
KLLA0_F25740g	28	0.903475	10.137045	11.351322
KLLA0_C17798g	263	2.072868	23.257708	26.043657
KLLA0_E20967g	326	4.185830	46.965271	52.591057
KLLA0_F09713g	19	1.095732	12.294180	13.766852
KLLA0_D12012g	156	4.920074	55.203537	61.816147
KLLA0_E05369g	137	5.223221	58.604858	65.624908
KLLA0_D00275g	0	0.0	0.0	0.0
KLLA0_B10802g	61	3.027613	33.970005	38.039139
KLLA0_F05511g	121	22.825926	256.108307	286.786499
KLLA0_F05335g	41	3.505983	39.337349	44.049412
KLLA0_A08019g	128	3.523268	39.531284	44.266582
KLLA0_D03333g	0	0.0	0.0	0.0
KLLA0_E17139g	106	2.691654	30.200523	33.818127
KLLA0_C13541g	284	17.495758	196.303497	219.817902
KLLA0_F15774g	76	1.948835	21.866049	24.485296
KLLA0_A08602g	103	6.818301	76.501762	85.665604
KLLA0_F21472r	1	0.062500	0.701254	0.785254
KLLA0_A12001g	27	3.561680	39.962269	44.749191
KLLA0_D05841g	34	4.290727	48.142223	53.908989
KLLA0_C02893g	237	6.450855	72.378990	81.048988
KLLA0_C14234g	513	5.989920	67.207275	75.257767
KLLA0_F15037g	44	2.507830	28.138008	31.508549
KLLA0_E12299r	4	1.733696	19.452175	21.782276
KLLA0_F26070g	22	0.825149	9.258223	10.367229
KLLA0_E21913g	5	0.174129	1.953738	2.187769
KLLA0_F08041g	78	2.909492	32.644680	36.555058
KLLA0_C03322g	102	4.449914	49.928307	55.909027
KLLA0_B04664g	95	3.826571	42.934364	48.077301
KLLA0_F14168g	114	11.989648	134.524582	150.638763
KLLA0_E23915g	241	1.962234	22.016386	24.653643
KLLA0_D14971g	218	3.386447	37.996143	42.547554
KLLA0_D14421g	71	2.546355	28.570259	31.992579
ENSRNAG049935345	2	0.994536	11.158755	12.495419
KLLA0_B08822g	1739	60.447853	678.228638	759.470947
KLLA0_D01573g	15	0.393640	4.416665	4.945720
KLLA0_E13971g	204	9.768362	109.601624	122.730370
KLLA0_E13421g	40	1.112026	12.477000	13.971571
KLLA0_D04400g	586	83.579834	937.770874	1050.102783
KLLA0_E10693g	48	0.980057	10.996300	12.313503
KLLA0_A11858g	407	20.810242	233.492203	261.461304
KLLA0_E00661g	26	2.756410	30.927088	34.631725
KLLA0_C13838g	537	6.352832	71.279167	79.817421
KLLA0_A09647g	167	3.648672	40.938324	45.842167
KLLA0_D08976g	567	40.313808	452.323395	506.505463
KLLA0_F13552g	46	0.605152	6.789843	7.603171
KLLA0_A06127g	49	4.872549	54.670300	61.219040
ENSRNAG049935454	4	1.733696	19.452175	21.782276
KLLA0_A09559g	259	5.537621	62.132450	69.575050
KLLA0_F17820g	19	1.384836	15.537945	17.399176
KLLA0_D07964g	64	3.064577	34.384743	38.503555
KLLA0_E10825g	17	0.705787	7.918974	8.867557
KLLA0_F16357r	0	0.000000	0.000000	0.000000
KLLA0_A06798g	131	15.985612	179.359543	200.844330
KLLA0_E22309g	9	0.229491	2.574903	2.883341
KLLA0_D13156g	310	4.796229	53.813988	60.260151
KLLA0_D08371g	1	0.031434	0.352691	0.394939
KLLA0_C12353g	167	3.232532	36.269207	40.613754
KLLA0_E16259g	96	2.701608	30.312208	33.943188
KLLA0_C06567g	10	0.308223	3.458281	3.872535
KLLA0_E13465g	60	1.383220	15.519814	17.378872
KLLA0_A07557g	291	6.364261	71.407402	79.961014
KLLA0_D07458g	1	0.067239	0.754426	0.844795
KLLA0_A10043g	750	82.748917	928.447937	1039.663086
KLLA0_D01001g	50	3.689855	41.400398	46.359592
KLLA0_F19514g	141	3.232432	36.268085	40.612499
KLLA0_F02233g	6	0.241294	2.707334	3.031634
KLLA0_D18601g	102	5.672167	63.642063	71.265495
KLLA0_D02002g	13	1.382550	15.512297	17.370453
KLLA0_C01518g	18	1.995526	22.389925	25.071926
KLLA0_F04796g	74	2.418919	27.140423	30.391464
KLLA0_C15917g	777	79.504013	892.039978	998.893921
KLLA0_F06490g	47	1.505986	16.897255	18.921312
KLLA0_D18986g	1385	51.176811	574.206970	642.989014
KLLA0_F00506g	30	1.279793	14.359357	16.079407
KLLA0_F07909g	6	0.258503	2.900419	3.247849
KLLA0_E13707g	154	11.952816	134.111328	150.175995
KLLA0_F04521g	341	4.309046	48.347759	54.139149
KLLA0_D07260g	20	0.967930	10.860235	12.161139
KLLA0_C03476g	62	0.832402	9.339602	10.458356
KLLA0_B09702g	27	0.296906	3.331303	3.730347
KLLA0_E08339g	14	0.598198	6.711819	7.515801
KLLA0_B04070g	12	0.846377	9.496403	10.633939
KLLA0_C08327g	116	18.820513	211.167328	236.462204
KLLA0_B10263g	19	0.287963	3.230963	3.617987
ENSRNAG049935346	3	0.564220	6.330584	7.088899
KLLA0_C08525g	100	1.089132	12.220127	13.683929
KLLA0_C16753g	5	1.229885	13.799385	15.452360
KLLA0_D19404g	4	0.116727	1.309684	1.466566
KLLA0_A07172g	68	2.489855	27.936327	31.282709
KLLA0_E02267g	645	105.310898	1181.594727	1323.133301
KLLA0_D07942g	26	1.641509	18.417833	20.624031
KLLA0_B02046g	1963	174.636993	1959.437744	2194.151123
KLLA0_F16324g	93	1.956359	21.950468	24.579828
KLLA0_D00440g	4232	216.003998	2423.578125	2713.889160
KLLA0_F15389g	55	2.307370	25.888834	28.989956
KLLA0_B11055g	35	2.179487	24.453978	27.383224
KLLA0_C12969g	46	1.025506	11.506241	12.884528
KLLA0_C11825g	75	2.917431	32.733757	36.654804
KLLA0_C03344r	0	0.000000	0.000000	0.000000
KLLA0_B14080g	1	0.012384	0.138949	0.155593
KLLA0_F19690g	15	0.783590	8.791928	9.845078
KLLA0_E24245g	2	0.237589	2.665763	2.985085
KLLA0_C18216g	0	0.0	0.0	0.0
KLLA0_F04565g	118	1.938511	21.750212	24.355585
KLLA0_F15224g	0	0.0	0.0	0.0
KLLA0_F23397g	188	6.361222	71.373299	79.922829
KLLA0_C09306g	53	1.896674	21.280800	23.829943
ENSRNAG049935408	1	0.180556	2.025849	2.268518
KLLA0_B09636g	1339	159.142197	1785.585327	1999.473389
KLLA0_C10758g	167	7.810836	87.638062	98.135880
KLLA0_E12915g	60	1.552163	17.415363	19.501482
KLLA0_C11693g	242	30.812031	345.712891	387.124451
KLLA0_A06072r	7	3.540230	39.721600	44.479694
KLLA0_B11000g	85	5.037234	56.518070	63.288155
KLLA0_F16962g	12	0.322971	3.623754	4.057830
KLLA0_E06513g	55	1.873563	21.021492	23.539574
KLLA0_F23287g	85	3.861261	43.323586	48.513149
KLLA0_B11231g	1466	170.591324	1914.045166	2143.321289
KLLA0_F04367g	116	2.320346	26.034426	29.152987
KLLA0_D04840g	619	34.582237	388.014832	434.493591
KLLA0_C17358r	1	0.136451	1.530989	1.714380
KLLA0_E18701g	20	0.877836	9.849374	11.029192
KLLA0_B12694g	163	4.841242	54.319031	60.825699
KLLA0_F05379g	0	0.0	0.0	0.0
KLLA0_F10813g	34	1.270880	14.259352	15.967423
KLLA0_E09725g	57	4.569182	51.266499	57.407516
KLLA0_D05401g	5	0.377193	4.232129	4.739079
KLLA0_F16797g	494	59.869049	671.734436	752.198853
ENSRNAG049935400	0	0.0	0.0	0.0
KLLA0_B09427g	75	8.556307	96.002289	107.502029
ENSRNAG049935337	0	0.000000	0.000000	0.000000
KLLA0_F20702g	24	0.451089	5.061246	5.667513
KLLA0_E09043g	45	0.933742	10.476643	11.731599
KLLA0_D10846g	18	0.653538	7.332736	8.211097
KLLA0_A05412g	776	61.610592	691.274597	774.079712
KLLA0_C06182g	277	3.091667	34.688694	38.843918
KLLA0_A02299g	39	6.914894	77.585541	86.879204
KLLA0_E14939g	12	0.505430	5.670956	6.350257
KLLA0_F03993g	59	1.281624	14.379900	16.102411
KLLA0_B14949g	4	0.360958	4.049971	4.535101
KLLA0_D13178g	71	2.281905	25.603113	28.670012
KLLA0_A03740g	349	10.229310	114.773491	128.521759
KLLA0_F05874r	1	0.135102	1.515853	1.697431
KLLA0_F20295g	153	8.574257	96.203697	107.727554
KLLA0_C14927g	4	0.364865	4.093808	4.584189
KLLA0_C08448g	553	12.378081	138.882828	155.519058
KLLA0_B08173g	1	0.056075	0.629165	0.704530
ENSRNAG049935489	310	135.925919	1525.097168	1707.782593
KLLA0_D05995g	39	2.173246	24.383953	27.304811
KLLA0_F20636g	152	9.005828	101.045944	113.149841
KLLA0_B13563g	0	0.0	0.0	0.0
KLLA0_D00594g	2	0.080997	0.908791	1.017652
KLLA0_F02189g	287	37.757107	423.637085	474.382904
KLLA0_F03729g	501	9.190270	103.115395	115.467186
KLLA0_C02959g	51	2.086360	23.409086	26.213171
KLLA0_A06039g	649	16.749746	187.933182	210.444962
KLLA0_E20791g	52	0.941827	10.567357	11.833179
KLLA0_C05192g	24	2.128947	23.886917	26.748236
KLLA0_D02728g	109	2.766966	31.045528	34.764351
KLLA0_C07447g	0	0.0	0.0	0.0
KLLA0_F10681g	199	5.348101	60.006023	67.193909
KLLA0_C19316g	10	0.231905	2.601988	2.913670
KLLA0_B04642g	227	3.591177	40.293228	45.119793
KLLA0_C10505g	1279	37.286446	418.356201	468.469452
KLLA0_E02905g	49	3.119850	35.004910	39.198009
KLLA0_D14707g	490	9.451003	106.040833	118.743050
KLLA0_B10076g	8	0.274949	3.084945	3.454478
ENSRNAG049935514	3	1.542553	17.307539	19.380741
KLLA0_D06985g	10	0.621622	6.974638	7.810102
KLLA0_D10109g	3112	170.613983	1914.299438	2143.605713
KLLA0_F27082r	6	3.083333	34.595188	38.739208
KLLA0_F25014g	119	13.357615	149.873260	167.825989
KLLA0_F08657g	89	10.274377	115.279137	129.087982
KLLA0_D04598g	1336	11.044282	123.917526	138.761124
KLLA0_F26763g	174	6.687783	75.037338	84.025764
KLLA0_A10065g	193	4.793558	53.784016	60.226593
KLLA0_F19085g	155	1.918046	21.520594	24.098461
KLLA0_C13233g	64	4.078580	45.761917	51.243561
KLLA0_C12947g	561	23.470444	263.339844	294.884277
ENSRNAG049935374	39	7.350746	82.475822	92.355278
KLLA0_D13222g	55	1.264586	14.188733	15.888346
KLLA0_D04334g	984	229.031952	2569.752686	2877.573242
KLLA0_D06017g	116	3.307476	37.110085	41.555355
KLLA0_E13443g	128	2.391400	26.831657	30.045713
KLLA0_F09075g	19	2.471354	27.728745	31.050262
KLLA0_D18777g	27	1.365365	15.319479	17.154539
KLLA0_A10021g	789	12.963249	145.448456	162.871155
KLLA0_E06293g	25	1.130474	12.683988	14.203353
KLLA0_B02134g	27	0.884591	9.925165	11.114062
KLLA0_C03135g	6	0.426492	4.785266	5.358475
KLLA0_B00495g	0	0.0	0.0	0.0
KLLA0_D09240g	27	0.601246	6.746017	7.554096
KLLA0_D07788g	2	0.144144	1.617305	1.811035
KLLA0_D01705g	484	25.548655	286.657471	320.995056
KLLA0_C01133g	49	2.109683	23.670774	26.506203
KLLA0_D17116g	41	1.557057	17.470276	19.562971
KLLA0_F13596g	963	23.200945	260.316010	291.498260
ENSRNAG049935422	1	0.300000	3.366019	3.769221
KLLA0_F02838g	23	0.496914	5.575406	6.243262
KLLA0_F10571g	268	7.233546	81.160828	90.882767
KLLA0_E22221r	0	0.0	0.0	0.0
KLLA0_A03531g	17	0.392451	4.403324	4.930781
KLLA0_F20768g	549	39.016735	437.770172	490.208954
KLLA0_A01155g	281	4.803488	53.895428	60.351353
KLLA0_D03839g	556	16.994604	190.680511	213.521378
KLLA0_F00616g	28	0.723526	8.118007	9.090430
KLLA0_E01783g	203	6.001745	67.339951	75.406334
KLLA0_D15103g	188	14.322823	160.702942	179.952927
KLLA0_D06875g	45	1.623470	18.215433	20.397388
KLLA0_C18722g	137	11.631667	130.508026	146.141068
KLLA0_D15895g	147	10.586158	118.777344	133.005219
KLLA0_B08217g	182	2.140741	24.019247	26.896418
KLLA0_B04026g	27	1.055296	11.840486	13.258812
KLLA0_A02519g	416	8.998726	100.966255	113.060616
KLLA0_A11110g	1259	38.766907	434.967102	487.070099
KLLA0_C10615g	336	8.884556	99.685265	111.626175
KLLA0_E16149g	3	0.624242	7.004034	7.843019
KLLA0_F03861g	2766	343.206818	3850.801758	4312.074219
KLLA0_A05346g	235	4.550095	51.052345	57.167706
KLLA0_D12100g	21	0.744770	8.356365	9.357342
KLLA0_E03785g	147	5.792541	64.992668	72.777885
KLLA0_F27731r	1	0.038052	0.426946	0.478088
KLLA0_E07415g	623	59.757061	670.477905	750.791809
KLLA0_C14091g	152	4.631894	51.970135	58.195435
KLLA0_C01177g	212	5.004675	56.152763	62.879082
KLLA0_A00176g	41	1.467376	16.464048	18.436213
KLLA0_B10758r	0	0.0	0.0	0.0
KLLA0_F02541g	656	48.421738	543.294861	608.374023
KLLA0_C11561g	7	0.318352	3.571929	3.999796
KLLA0_E09659r	1	0.092846	1.041738	1.166524
KLLA0_F20317g	309	6.661160	74.738625	83.691269
KLLA0_D18733g	14	0.615454	6.905432	7.732606
KLLA0_E22881g	187	28.558559	320.428802	358.811707
KLLA0_E07591g	212	10.820281	121.404221	135.946747
KLLA0_C07469g	18	0.702381	7.880758	8.824763
KLLA0_F08437g	665	30.453728	341.692688	382.622742
KLLA0_E07063g	23	0.765182	8.585389	9.613799
KLLA0_F08745g	1	0.046139	0.517682	0.579694
KLLA0_E17953g	165	2.429109	27.254753	30.519493
KLLA0_E12805g	30	2.530000	28.386755	31.787094
KLLA0_C09086g	103	4.257539	47.769848	53.492012
KLLA0_C11187g	763	13.390152	150.238327	168.234787
KLLA0_C13277g	30	0.701293	7.868551	8.811093
KLLA0_B09768g	85	3.992572	44.796906	50.162949
KLLA0_F11957g	43	2.214141	24.842798	27.818621
KLLA0_B08481g	7	0.444444	4.986689	5.584025
KLLA0_B14300g	227	19.405724	217.733414	243.814850
KLLA0_C14630g	105	2.873859	32.244873	36.107361
KLLA0_C12859g	122	4.647982	52.150646	58.397564
KLLA0_D19514g	37	2.996795	33.624222	37.651939
KLLA0_C00286g	524	17.361923	194.801865	218.136414
KLLA0_E21341g	151	4.226997	47.427166	53.108280
KLLA0_A01287g	566	99.072166	1111.595825	1244.749512
KLLA0_F15664g	25	1.228122	13.779604	15.430209
ENSRNAG049935391	0	0.0	0.0	0.0
KLLA0_E08999g	1388	15.828188	177.593246	198.866440
KLLA0_B05643g	12776	2468.056885	27691.750000	31008.835938
KLLA0_D04796g	70	2.474386	27.762762	31.088356
KLLA0_E05633g	7	0.481328	5.400530	6.047438
KLLA0_B04774g	18	0.268552	3.013170	3.374106
KLLA0_F04081g	8	0.810417	9.092929	10.182135
KLLA0_C00396g	0	0.0	0.0	0.0
KLLA0_F19844g	47	5.795062	65.020958	72.809555
KLLA0_F04455g	7	0.366013	4.106688	4.598612
KLLA0_C01848g	43	1.384224	15.531078	17.391485
KLLA0_F08371g	18	0.510309	5.725698	6.411557
KLLA0_F13156g	59	1.930233	21.657333	24.251579
KLLA0_E15709g	537	39.450218	442.633881	495.655273
KLLA0_E14345g	67	2.555805	28.676289	32.111309
KLLA0_A01023g	193	3.792730	42.554665	47.652119
KLLA0_A04708g	418	20.148674	226.069366	253.149323
KLLA0_C09570g	181	6.191919	69.473717	77.795692
KLLA0_F03377g	7	0.243187	2.728573	3.055418
KLLA0_E24641g	3	0.127937	1.435461	1.607409
KLLA0_B11704g	191	4.379279	49.135784	55.021561
KLLA0_A09031g	192	3.617778	40.591694	45.454010
KLLA0_F26224g	74	1.708049	19.164415	21.460045
KLLA0_E06403g	127	10.831651	121.531792	136.089615
KLLA0_E17161g	142	5.771929	64.761391	72.518913
KLLA0_E02091g	79	5.520055	61.935356	69.354347
KLLA0_A03025g	455	19.950045	223.840729	250.653717
KLLA0_C06424r	1	0.085366	0.957812	1.072544
KLLA0_F08976g	183	11.333333	127.160698	142.392776
KLLA0_D13552g	408	6.860919	76.979935	86.201057
KLLA0_F01573g	9	0.540712	6.066822	6.793543
KLLA0_F19096g	697	4.047375	45.411797	50.851501
KLLA0_C05852g	34	1.177364	13.210096	14.792482
KLLA0_D04158g	66	2.141570	24.028547	26.906834
KLLA0_C01210g	2	0.054997	0.617070	0.690986
KLLA0_E12827g	4	0.113879	1.277729	1.430784
KLLA0_A02343g	22	0.659446	7.399025	8.285325
KLLA0_F03575g	228	3.721795	41.758770	46.760887
KLLA0_E17249g	5	0.557333	6.253311	7.002370
KLLA0_B06776g	66	1.890209	21.208260	23.748716
KLLA0_E10781g	13	1.691257	18.976007	21.249069
KLLA0_C18590g	27	0.439159	4.927391	5.517624
KLLA0_D15037g	0	0.0	0.0	0.0
KLLA0_F05841g	4	0.471014	5.284806	5.917852
KLLA0_F14421g	77	2.102150	23.586252	26.411556
KLLA0_B00649g	1222	120.046242	1346.926147	1508.269165
KLLA0_F14971g	92	2.740480	30.748354	34.431580
KLLA0_E09989g	59	1.590690	17.847641	19.985538
KLLA0_A00935g	128	3.159631	35.451256	39.697823
KLLA0_E00639g	100	7.810185	87.630753	98.127701
KLLA0_E07151g	11	1.651652	18.531637	20.751469
KLLA0_E24179g	66	1.338983	15.023472	16.823074
KLLA0_D05335g	94	8.771062	98.411850	110.200226
KLLA0_B13453g	349	22.552599	253.041550	283.352386
KLLA0_D16896g	571	51.576241	578.688599	648.007446
KLLA0_D05511g	6639	317.892944	3566.778564	3994.029053
KLLA0_E15687g	326	4.822454	54.108227	60.589645
KLLA0_C18975g	934	12.333075	138.377853	154.953598
KLLA0_A05819g	745	17.960756	201.520798	225.660172
KLLA0_A10373g	82	6.713366	75.324379	84.347191
KLLA0_D09504g	35	0.750108	8.416258	9.424409
KLLA0_F10747g	4666	108.194176	1213.945312	1359.359009
KLLA0_C18425g	9	0.896930	10.063610	11.269091
KLLA0_F03333g	26	1.043902	11.712645	13.115657
KLLA0_C19437g	15	0.311139	3.490999	3.909172
KLLA0_B10670g	542	33.251503	373.083893	417.774170
KLLA0_F10395g	403	18.361931	206.022003	230.700546
KLLA0_E00771g	247	9.374348	105.180756	117.779953
KLLA0_F18348r	2	1.102740	12.372812	13.854901
KLLA0_D18172g	94	5.294308	59.402466	66.518051
KLLA0_D09713g	59	4.729560	53.065956	59.422516
KLLA0_F25388g	153	6.377668	71.557831	80.129456
KLLA0_D11209r	1	0.565476	6.344676	7.104679
ENSRNAG049935342	0	0.0	0.0	0.0
KLLA0_F14465g	315	6.963108	78.126495	87.484970
KLLA0_C03586g	19	0.610687	6.851946	7.672713
KLLA0_B14256g	394	5.253145	58.940613	66.000877
KLLA0_E05677g	7	0.497126	5.577785	6.245925
KLLA0_E16413g	79	12.404984	139.184692	155.857071
KLLA0_F09625g	23	0.756359	8.486394	9.502947
KLLA0_F10285g	44	1.850084	20.758057	23.244583
KLLA0_F28017g	8	0.340871	3.824594	4.282727
KLLA0_E07987g	0	0.0	0.0	0.0
KLLA0_F04807r	11	4.461538	50.058727	56.055069
KLLA0_F05654g	99	5.372863	60.283855	67.505020
ENSRNAG049935493	1	0.309859	3.476637	3.893090
KLLA0_C18315g	121	4.118474	46.209534	51.744789
KLLA0_B03850g	385	3.951574	44.336903	49.647846
KLLA0_F12760g	83	2.895100	32.483204	36.374237
KLLA0_C09823g	63	1.591045	17.851624	19.989998
KLLA0_D17633r	6	1.882516	21.121944	23.652060
KLLA0_D07073g	0	0.0	0.0	0.0
KLLA0_F23155g	81	3.216511	36.089451	40.412464
KLLA0_C06787g	104	10.248062	114.983887	128.757355
KLLA0_E06821g	113	9.262480	103.925591	116.374435
KLLA0_F16192g	252	11.990637	134.535675	150.651184
KLLA0_E19141g	101	2.636877	29.585922	33.129906
KLLA0_C14905g	157	7.483568	83.966095	94.024063
KLLA0_C04257g	149	3.667151	41.145657	46.074337
KLLA0_E18899g	32	0.537841	6.034609	6.757471
KLLA0_A03762r	1	0.135135	1.516223	1.697845
KLLA0_E15577g	27	4.294872	48.188725	53.961067
KLLA0_F15554g	111	11.725000	131.555237	147.313705
KLLA0_D19294g	29	0.715642	8.029547	8.991375
KLLA0_D04994g	178	2.109401	23.667608	26.502659
KLLA0_B09405g	407	15.438171	173.217224	193.966248
ENSRNAG049935359	29	13.181203	147.893906	165.609543
ENSRNAG049935438	8	4.297619	48.219551	53.995579
KLLA0_F21890g	6	0.666667	7.480045	8.376050
KLLA0_C12199g	8	0.676717	7.592806	8.502319
KLLA0_F14916g	661	123.395607	1384.506226	1550.350952
KLLA0_F01837g	264	6.082316	68.243958	76.418640
KLLA0_C10527g	33	1.216778	13.652324	15.287683
KLLA0_E02927g	9	0.432245	4.849815	5.430756
KLLA0_B10626g	153	12.433812	139.508148	156.219269
KLLA0_A07733g	144	2.298279	25.786835	28.875736
KLLA0_E10539g	256	11.663979	130.870560	146.547028
KLLA0_D03432g	64	0.724169	8.125221	9.098509
KLLA0_D02486g	58	2.963526	33.250942	37.233944
KLLA0_E17491g	768	26.200134	293.967102	329.180298
KLLA0_E06865g	104	6.385455	71.645203	80.227295
KLLA0_F17864g	3	0.163420	1.833583	2.053220
KLLA0_D05467g	0	0.0	0.0	0.0
KLLA0_D13662g	203	5.246310	58.863926	65.915001
KLLA0_D07920g	201	10.159722	113.992714	127.647446
KLLA0_C07755g	151	18.764706	210.541153	235.761063
KLLA0_C06534g	923	36.557888	410.181763	459.315826
KLLA0_E08757g	285	13.729167	154.042099	172.494202
KLLA0_E07833g	19	1.122066	12.589650	14.097714
KLLA0_E12211g	44	5.648718	63.378963	70.970879
KLLA0_C07018g	50	3.217557	36.101189	40.425606
KLLA0_A06710g	17	0.678459	7.612352	8.524205
KLLA0_B07843g	137	3.598555	40.376011	45.212494
KLLA0_E00243g	32	4.080808	45.786919	51.271557
KLLA0_C07282g	625	71.743240	804.963623	901.387024
KLLA0_E07877g	4471	135.217087	1517.144043	1698.876831
KLLA0_C17710g	85	1.755474	19.696526	22.055897
KLLA0_F20053g	402	15.325843	171.956894	192.554947
KLLA0_D03652g	12	0.653763	7.335261	8.213923
KLLA0_F10769g	11	0.523810	5.877181	6.581185
KLLA0_D05291g	41	2.374856	26.646030	29.837854
KLLA0_F18480g	28	2.849593	31.972607	35.802483
KLLA0_F04301g	47	2.335300	26.202211	29.340870
KLLA0_C18007g	141	4.205038	47.180786	52.832386
KLLA0_E25180g	9	0.387556	4.348402	4.869280
KLLA0_E18767g	37	0.777778	8.726718	9.772057
KLLA0_C05962g	403	18.634878	209.084488	234.129883
KLLA0_F20405g	43	0.854411	9.586544	10.734879
KLLA0_E03543g	35	2.527299	28.356449	31.753159
KLLA0_B04620g	89	1.637129	18.368689	20.569002
KLLA0_B06974g	13	2.170139	24.349094	27.265776
ENSRNAG049935426	1	0.205357	2.304118	2.580119
KLLA0_A10835g	93	1.555335	17.450954	19.541336
KLLA0_E19889g	159	7.340600	82.361984	92.227806
KLLA0_E11045g	7	0.235566	2.643065	2.959667
KLLA0_C08305g	130	5.369106	60.241699	67.457817
KLLA0_F19448g	276	20.162355	226.222870	253.321228
KLLA0_D11638g	0	0.0	0.0	0.0
KLLA0_B05489g	55	1.703907	19.117943	21.408005
KLLA0_A07777g	1	0.092025	1.032526	1.156208
KLLA0_C16379g	157	6.587654	73.913887	82.767738
KLLA0_A09493g	57	3.248874	36.452568	40.819077
KLLA0_A11792g	74	0.933532	10.474286	11.728960
KLLA0_B08635g	103	3.174546	35.618599	39.885216
KLLA0_E14059g	90	2.155587	24.185820	27.082943
KLLA0_C09526g	262	13.335329	149.623215	167.545990
KLLA0_E02201g	1533	31.160686	349.624817	391.505005
KLLA0_E17887g	670	3.935871	44.160713	49.450554
ENSRNAG049935395	5	2.094686	23.502506	26.317780
KLLA0_C11451g	1041	33.362892	374.333710	419.173676
KLLA0_B12540g	423	13.747127	154.243607	172.719849
KLLA0_A04323g	215	17.857027	200.356934	224.356934
KLLA0_E15533g	23	2.479029	27.814857	31.146690
KLLA0_D06281g	78	1.759628	19.743135	22.108088
KLLA0_F13772g	8	0.244402	2.742205	3.070683
KLLA0_C15279g	500	8.733539	97.990837	109.728783
KLLA0_A09779g	190	21.171053	237.540512	265.994568
KLLA0_F05753g	6	0.172794	1.938759	2.170996
KLLA0_E09879g	243	6.544638	73.431244	82.227280
KLLA0_F01683g	64	10.848485	121.720673	136.301117
ENSRNAG049935527	27	7.178947	80.548225	90.196785
ENSRNAG049935430	0	0.0	0.0	0.0
KLLA0_A08778g	4	0.299694	3.362585	3.765376
KLLA0_C05324g	56	2.190698	24.579767	27.524080
KLLA0_F04906g	17	0.565392	6.343733	7.103624
KLLA0_F19206g	80	5.142677	57.701153	64.612946
KLLA0_F02750g	1160	17.148535	192.407623	215.455353
KLLA0_F12958g	73	1.262419	14.164418	15.861119
KLLA0_B13860g	15	1.565217	17.561831	19.665495
KLLA0_D17677r	0	0.000000	0.000000	0.000000
ENSRNAG049935307	0	0.0	0.0	0.0
KLLA0_C13728g	29	2.325359	26.090672	29.215971
KLLA0_F17198g	0	0.000000	0.000000	0.000000
KLLA0_F03685g	100	4.308610	48.342869	54.133671
KLLA0_F07799g	5	0.163427	1.833661	2.053308
KLLA0_D14762g	1	0.116049	1.302077	1.458048
KLLA0_D11211r	28	16.831326	188.848511	211.469940
KLLA0_D01067g	122	3.116994	34.972862	39.162128
ENSRNAG049935425	88	2.475549	27.775812	31.102968
KLLA0_D18667g	38	0.927600	10.407729	11.654430
KLLA0_F23441g	207	7.824053	87.786354	98.301941
KLLA0_A06105g	320	17.676439	198.330734	222.088013
KLLA0_A00572g	143	4.204729	47.177319	52.828503
KLLA0_F08129g	160	12.864139	144.336426	161.625931
KLLA0_F16885g	21	0.660377	7.409471	8.297022
KLLA0_D08437g	24	2.717778	30.493635	34.146351
KLLA0_C12617g	18	1.368341	15.352870	17.191931
KLLA0_F23760g	183	24.234375	271.911194	304.482361
KLLA0_E04115g	190	17.154255	192.471802	215.527222
KLLA0_B01672g	165	17.589098	197.350769	220.990631
KLLA0_B11748g	432	12.182171	136.684708	153.057632
KLLA0_E10451g	87	2.652902	29.765722	33.331242
ENSRNAG049935384	3	1.472218	16.518377	18.497047
KLLA0_F14443g	101	1.906994	21.396591	23.959604
KLLA0_C00484g	127	2.327934	26.119562	29.248323
KLLA0_C10362g	32	1.024035	11.489736	12.866046
KLLA0_E22529g	1	0.125984	1.413548	1.582872
KLLA0_A05987r	0	0.0	0.0	0.0
KLLA0_E20197g	1468	121.122978	1359.007324	1521.797363
KLLA0_F00946g	6	0.225270	2.527543	2.830308
KLLA0_C01804g	16	0.848087	9.515589	10.655423
KLLA0_A02057g	82	3.584416	40.217369	45.034847
KLLA0_A08140g	254	13.319373	149.444183	167.345520
KLLA0_C04169g	74	1.793170	20.119476	22.529510
KLLA0_D16852g	16	0.704000	7.898923	8.845104
KLLA0_F14014r	0	0.0	0.0	0.0
KLLA0_A02849g	195	10.663441	119.644455	133.976212
KLLA0_E23211g	43	7.981685	89.555000	100.282440
KLLA0_C17644g	306	3.294230	36.961464	41.388931
KLLA0_B11682g	24	0.919146	10.312875	11.548214
KLLA0_D07502g	106	1.435155	16.102528	18.031385
KLLA0_B02739g	17	0.959350	10.763967	12.053339
KLLA0_C19041g	250	15.238609	170.978134	191.458939
KLLA0_E14851g	156	3.945274	44.266220	49.568695
KLLA0_F06336g	9	0.614583	6.895659	7.721663
ENSRNAG049935396	0	0.000000	0.000000	0.000000
KLLA0_B11429g	51	2.757962	30.944504	34.651226
KLLA0_D19455r	15	1.369317	15.363821	17.204193
KLLA0_D18095g	1025	37.045387	415.651520	465.440796
KLLA0_C04884g	14	1.021116	11.456985	12.829371
KLLA0_F06875g	156	18.622066	208.940735	233.968918
KLLA0_F15103g	106	4.452736	49.959972	55.944481
KLLA0_E14213g	7	0.212008	2.378743	2.663683
KLLA0_D03861g	4	0.128060	1.436841	1.608955
KLLA0_F12100g	494	33.440903	375.208984	420.153778
KLLA0_F01122g	2	0.047218	0.529789	0.593250
KLLA0_E21275g	46	1.985581	22.278341	24.946976
KLLA0_C16335g	93	1.867144	20.949471	23.458925
KLLA0_D10571g	540	17.598209	197.453003	221.105118
KLLA0_F17523g	19	0.369938	4.150727	4.647926
KLLA0_C16511g	30	2.082645	23.367405	26.166494
KLLA0_B08679g	788	36.767399	412.532501	461.948151
KLLA0_C05896g	35	3.664570	41.116703	46.041908
KLLA0_F16907g	10	0.373068	4.185846	4.687252
KLLA0_D00616g	69	5.088406	57.092228	63.931084
KLLA0_A08756g	125	3.919136	43.972946	49.240295
KLLA0_A06644g	1018	36.482418	409.334961	458.367645
KLLA0_F03839g	30	0.761171	8.540385	9.563405
KLLA0_A02365g	48	1.895981	21.273024	23.821236
KLLA0_C02607g	118	4.203235	47.160557	52.809734
KLLA0_D09130g	73	4.015152	45.050251	50.446648
KLLA0_B02244g	23	0.699158	7.844596	8.784269
KLLA0_A07227g	0	0.000000	0.000000	0.000000
KLLA0_C10945g	78	3.236453	36.313202	40.663017
KLLA0_B14146g	96	5.997540	67.292763	75.353508
KLLA0_C11539g	5	0.275219	3.087974	3.457870
KLLA0_B05621g	85	7.039024	78.978287	88.438782
KLLA0_D02838g	1683	234.491806	2631.012451	2946.171143
KLLA0_F17116g	361	15.650510	175.599686	196.634079
KLLA0_E06029g	202	3.124505	35.057140	39.256496
KLLA0_D13596g	32	1.087221	12.198687	13.659920
KLLA0_F01705g	80	1.717005	19.264902	21.572569
KLLA0_A12067g	8	1.157895	12.991652	14.547873
KLLA0_C02585g	118	0.915828	10.275646	11.506526
KLLA0_E15445g	12	0.607543	6.816669	7.633212
KLLA0_A09229g	37	1.444182	16.203812	18.144802
KLLA0_E04203g	90	10.106667	113.397423	126.980858
KLLA0_C00352g	0	0.0	0.0	0.0
KLLA0_F13222g	65	1.109306	12.446482	13.937397
KLLA0_C06886g	83	8.915612	100.033722	112.016365
KLLA0_E09835g	19	0.616965	6.922385	7.751591
KLLA0_E20901g	47	2.048234	22.981312	25.734152
KLLA0_B01089g	26	1.293413	14.512174	16.250530
KLLA0_B14454g	83	4.563181	51.199173	57.332119
KLLA0_A02321g	158	2.788288	31.284763	35.032242
KLLA0_E18107g	35	3.340952	37.485683	41.975952
KLLA0_C08932g	13	0.779412	8.745050	9.792586
KLLA0_C01716g	29	0.573365	6.433190	7.203797
KLLA0_E02795g	45	13.636905	153.006912	171.335007
KLLA0_F10109g	9	0.229167	2.571268	2.879270
KLLA0_C15235g	114	3.546789	39.795189	44.562099
KLLA0_D08580g	65	2.040816	22.898083	25.640955
KLLA0_A09735g	0	0.0	0.0	0.0
KLLA0_D11880g	135	7.165099	80.392853	90.022797
KLLA0_D04752g	77	2.919463	32.756554	36.680332
KLLA0_F27093g	149	4.466903	50.118927	56.122475
KLLA0_F17842g	2	0.297297	3.335690	3.735260
KLLA0_B05665g	8	0.155839	1.748523	1.957972
KLLA0_C15367r	0	0.0	0.0	0.0
KLLA0_F27951g	57	4.986038	55.943657	62.644924
KLLA0_C02387g	450	7.976315	89.494743	100.214973
KLLA0_C13750g	35	1.495791	16.782867	18.793221
KLLA0_F22297g	46	1.115714	12.518379	14.017907
KLLA0_F14707g	122	4.759387	53.400616	59.797264
KLLA0_E03521g	7	0.762963	8.560492	9.585919
KLLA0_A07601g	31	1.650794	18.522011	20.740690
KLLA0_D10681g	47	1.722822	19.330168	21.645655
KLLA0_F02728g	11758	603.854980	6775.290039	7586.875488
KLLA0_E18393g	9	0.609053	6.833612	7.652184
KLLA0_E08361g	8	0.247967	2.782205	3.115474
KLLA0_F06985g	62	2.138546	23.994617	26.868839
KLLA0_F25366g	257	19.386667	217.519592	243.575424
KLLA0_D07612g	58	3.595326	40.339779	45.171925
KLLA0_B04609g	111	12.891606	144.644608	161.971024
ENSRNAG049935503	138	14.389344	161.449326	180.788712
KLLA0_A11198g	53	4.380952	49.154552	55.042583
KLLA0_D18557g	86	4.825607	54.143604	60.629257
KLLA0_F00594g	29	1.031746	11.576254	12.962928
KLLA0_E18283g	225	16.809105	188.599197	211.190735
KLLA0_F05049g	99	2.420749	27.160954	30.414457
KLLA0_A05973g	12	0.964103	10.817295	12.113056
ENSRNAG049935323	0	0.0	0.0	0.0
KLLA0_B04224g	232	14.054762	157.695282	176.584991
KLLA0_C06611g	49	5.361472	60.156048	67.361900
KLLA0_F13178g	68	1.719960	19.298056	21.609695
KLLA0_F07623g	256	3.528726	39.592522	44.335155
KLLA0_B03674g	28	0.731975	8.212805	9.196584
KLLA0_E21759g	157	9.665459	108.447037	121.437492
KLLA0_C16467g	160	4.468750	50.139648	56.145683
KLLA0_E03565g	238	8.001323	89.775330	100.529167
KLLA0_F18634g	10	1.898039	21.296116	23.847092
KLLA0_F08074r	12	5.673267	63.654400	71.279320
KLLA0_E01563g	540	12.790330	143.508301	160.698578
KLLA0_E19251g	388	9.998483	112.183586	125.621628
KLLA0_B12606g	15	1.574786	17.669195	19.785719
KLLA0_F01034g	9	0.220807	2.477468	2.774234
KLLA0_E04093g	1081	49.241287	552.490295	618.670898
KLLA0_C09284g	1418	25.807638	289.563293	324.248932
KLLA0_C12507g	337	12.586081	141.216599	158.132385
KLLA0_D16797g	379	7.140429	80.116051	89.712837
KLLA0_F27203g	40	2.097612	23.535336	26.354542
KLLA0_E08273g	12	0.745547	8.365084	9.367104
KLLA0_C04147g	144	1.959173	21.982042	24.615185
KLLA0_B01309g	58	5.159575	57.890751	64.825256
KLLA0_F05401g	87	1.428664	16.029697	17.949833
KLLA0_A07381g	58	5.939759	66.644455	74.627541
KLLA0_E03367g	158	11.567099	129.783569	145.329834
KLLA0_B02376g	19	2.413534	27.080000	30.323807
KLLA0_D03696g	174	19.324619	216.823410	242.795853
KLLA0_C11781g	43	0.942994	10.580451	11.847841
KLLA0_C09394g	400	5.726020	64.246300	71.942108
KLLA0_E19383g	105	3.220818	36.137775	40.466579
KLLA0_D07568g	380	17.382750	195.035522	218.398071
KLLA0_F27115g	62	1.765993	19.814550	22.188057
KLLA0_F23012g	561	16.373425	183.710831	205.716843
KLLA0_D16962g	8	0.257123	2.884936	3.230511
KLLA0_E24135g	14	0.361801	4.059430	4.545692
KLLA0_C15752r	4	0.820388	9.204804	10.307411
KLLA0_E00265g	220	12.886967	144.592560	161.912735
ENSRNAG049935479	0	0.0	0.0	0.0
KLLA0_F15642g	42	1.799663	20.192329	22.611090
KLLA0_B07865g	680	19.872633	222.972168	249.681122
KLLA0_B14619g	54	1.699248	19.065668	21.349468
KLLA0_D05379g	35	1.182428	13.266915	14.856107
KLLA0_F04840g	243	6.463109	72.516479	81.202950
KLLA0_B14278g	2493	41.546410	466.153259	521.991943
KLLA0_A00682g	352	8.435355	94.645203	105.982384
KLLA0_E14961g	221	13.796569	154.798355	173.341034
KLLA0_D15224g	1349	66.644379	747.754028	837.324585
KLLA0_A00979g	644	31.796511	356.758820	399.493530
KLLA0_E06843g	415	53.745548	603.028381	675.262756
KLLA0_D04510g	1358	69.741188	782.500488	876.233154
KLLA0_C16291g	811	67.198372	753.969910	844.284912
KLLA0_D01980g	31	2.834244	31.800394	35.609638
ENSRNAG049935421	10	4.098361	45.983864	51.492088
KLLA0_B05555g	245	2.079580	23.333015	26.127987
KLLA0_F00440g	2472	80.351814	901.552307	1009.545715
KLLA0_D16324g	24	0.582617	6.536998	7.320040
KLLA0_F19404g	38	1.157706	12.989532	14.545498
KLLA0_C01914g	221	14.820817	166.290482	186.209763
KLLA0_E09373g	374	10.068783	112.972366	126.504883
KLLA0_A03289g	3	0.139665	1.567050	1.754761
KLLA0_C01408g	16	0.807339	9.058393	10.143463
KLLA0_E00221g	1887	75.833328	850.854614	952.775146
KLLA0_A06061g	26	0.805503	9.037794	10.120395
KLLA0_B07821g	867	83.193977	933.441589	1045.254883
KLLA0_B11319g	4	0.146067	1.638881	1.835196
KLLA0_F15411g	646	15.960699	179.080017	200.531326
KLLA0_A10989g	250	7.909826	88.748734	99.379601
KLLA0_D17292g	247	12.706060	142.562775	159.639816
KLLA0_B11572g	450	10.235031	114.837685	128.593628
KLLA0_E19603g	200	4.981916	55.897408	62.593136
KLLA0_F03124g	339	13.264209	148.825241	166.652435
KLLA0_D00506g	61	2.517522	28.246754	31.630320
KLLA0_A03399g	109	2.182821	24.491388	27.425114
KLLA0_B03828g	34	1.597183	17.920492	20.067118
KLLA0_E13751g	10	0.781991	8.773987	9.824988
KLLA0_F21516r	0	0.000000	0.000000	0.000000
KLLA0_C03520g	36	1.588596	17.824144	19.959229
KLLA0_D00269g	0	0.0	0.0	0.0
KLLA0_C03784g	35	0.934189	10.481658	11.737215
KLLA0_D02926g	44	2.004566	22.491354	25.185505
KLLA0_A01870g	45	2.574830	28.889751	32.350342
KLLA0_E22111g	331	25.337837	284.292084	318.346344
ENSRNAG049935410	1	0.572289	6.421117	7.190279
KLLA0_A00913g	11	0.699346	7.846705	8.786632
KLLA0_F22748r	3	1.393476	15.634886	17.507729
KLLA0_D15587r	0	0.0	0.0	0.0
KLLA0_E02487g	18	0.655481	7.354537	8.235508
KLLA0_F10021g	1660	56.657295	635.698303	711.846191
KLLA0_F20460g	289	76.744789	861.081238	964.226868
KLLA0_A09075g	329	14.014202	157.240204	176.075394
KLLA0_D16115g	504	12.406280	139.199219	155.873352
KLLA0_A00616g	1155	152.116272	1706.753906	1911.199341
KLLA0_C15345g	1	0.113333	1.271603	1.423924
KLLA0_C16819g	93	14.842768	166.536758	186.485565
KLLA0_B12672g	55	1.530055	17.167313	19.223717
KLLA0_D05313g	19	1.525203	17.112871	19.162756
ENSRNAG049935472	0	0.000000	0.000000	0.000000
KLLA0_F13200g	614	24.214230	271.685150	304.229248
KLLA0_F03531g	600	6.956799	78.055710	87.405701
KLLA0_D02310g	126	3.975124	44.601135	49.943729
KLLA0_E05193g	290	5.610350	62.948475	70.488823
KLLA0_A10571g	2	0.051008	0.572313	0.640868
KLLA0_D07480g	130	5.307693	59.552643	66.686218
KLLA0_A04752g	136	5.689712	63.838921	71.485931
KLLA0_F24860g	211	2.942935	33.019913	36.975239
KLLA0_B08503g	53	2.919956	32.762085	36.686527
ENSRNAG049935485	0	0.000000	0.000000	0.000000
KLLA0_C19250g	178	6.563268	73.640274	82.461349
KLLA0_C04950g	11	1.743590	19.563187	21.906584
KLLA0_F10065g	828	15.599039	175.022186	195.987396
KLLA0_D13508g	953	128.505295	1441.837280	1614.549316
KLLA0_D09735g	4	0.102061	1.145131	1.282301
KLLA0_A08580g	42	1.304375	14.635168	16.388258
KLLA0_F20856g	9	0.587615	6.593077	7.382835
KLLA0_D15576g	256	51.027451	572.531128	641.112427
ENSRNAG049935504	1	0.444444	4.986689	5.584025
KLLA0_C00891g	15	0.692235	7.766920	8.697289
KLLA0_E16435g	388	31.982201	358.842255	401.826569
KLLA0_B00473g	4	0.141026	1.582320	1.771860
KLLA0_A07194g	0	0.000000	0.000000	0.000000
KLLA0_F11253g	32	0.800098	8.977149	10.052486
ENSRNAG049935324	0	0.0	0.0	0.0
KLLA0_B14883g	24950	413.399933	4638.373047	5193.985352
KLLA0_E06183g	24	4.369963	49.031254	54.904514
KLLA0_F25432g	109	3.618110	40.595417	45.458183
KLLA0_C09042g	103	3.753247	42.111664	47.156052
KLLA0_F01100g	51	3.898021	43.736034	48.975002
KLLA0_C12243g	106	4.128440	46.321350	51.870003
KLLA0_C03256g	2	0.226463	2.540929	2.845297
KLLA0_B09460g	131	2.574806	28.889482	32.350040
ENSRNAG049935467	1	0.136986	1.536991	1.721102
KLLA0_D00572g	0	0.0	0.0	0.0
KLLA0_C06512g	29	1.156958	12.981139	14.536099
KLLA0_C06809g	0	0.000000	0.000000	0.000000
KLLA0_E02663g	127	1.933634	21.695494	24.294310
KLLA0_E22353r	1	0.277900	3.118055	3.491555
KLLA0_F11121g	137	7.945393	89.147804	99.826462
KLLA0_E16655g	191	4.919837	55.200878	61.813171
KLLA0_D06105g	16	0.248175	2.784539	3.118088
KLLA0_D15873g	16	0.591821	6.640268	7.435680
KLLA0_E08845g	24	2.134380	23.947876	26.816498
KLLA0_A11957g	4	0.320574	3.596860	4.027714
KLLA0_A01067g	131	10.944171	122.794273	137.503311
KLLA0_F25652g	98	3.314704	37.191181	41.646168
KLLA0_D12870g	54	1.563533	17.542936	19.644337
KLLA0_A09581r	1	0.099101	1.111919	1.245112
KLLA0_C00190g	12	1.920000	21.542519	24.123013
KLLA0_B09856g	34	1.335686	14.986480	16.781651
KLLA0_D07876g	2	0.444444	4.986689	5.584025
ENSRNAG049935418	0	0.000000	0.000000	0.000000
KLLA0_F02519g	1195	45.851017	514.451233	576.075317
KLLA0_F11165g	15	0.586764	6.583528	7.372143
KLLA0_C02145g	178	23.338501	261.859406	293.226532
KLLA0_C00220g	418	11.347200	127.316284	142.567001
KLLA0_E06997g	491	60.485504	678.651062	759.944031
KLLA0_C11297g	25	3.021739	33.904099	37.965336
KLLA0_D08767r	1	0.321777	3.610358	4.042829
KLLA0_C12716g	473	47.805557	536.381287	600.632263
KLLA0_D09328g	349	5.663165	63.541058	71.152397
KLLA0_D03102r	7	4.062500	45.581501	51.041531
KLLA0_F21648g	577	8.013366	89.910454	100.680473
KLLA0_A02541g	275	8.774436	98.449707	110.242615
KLLA0_F00176g	1	0.188713	2.117371	2.371003
KLLA0_F27797g	38	0.583787	6.550126	7.334740
KLLA0_C18931g	4	0.112515	1.262425	1.413646
KLLA0_B09966g	77	3.513926	39.426468	44.149208
KLLA0_D08954g	67	6.467803	72.569153	81.261925
KLLA0_D00682g	308	21.936274	246.126343	275.608856
KLLA0_A04565g	19	1.650000	18.513102	20.730713
KLLA0_D00979g	1139	34.443653	386.459900	432.752411
KLLA0_A10813g	21	0.592593	6.648930	7.445379
KLLA0_B02717g	24	0.197754	2.218812	2.484595
KLLA0_D13618g	0	0.0	0.0	0.0
KLLA0_F22814g	469	50.690022	568.745178	636.872925
KLLA0_A04367g	454	47.563786	533.668579	597.594666
KLLA0_C12089r	1	0.083333	0.935001	1.047002
KLLA0_F17182g	27	2.126168	23.855736	26.713322
KLLA0_C12771g	222	3.735974	41.917858	46.939034
KLLA0_C07062g	62	3.229102	36.230721	40.570660
KLLA0_D12826g	404	15.610478	175.150528	196.131119
KLLA0_C01496g	4	0.145150	1.628592	1.823675
KLLA0_D00748g	20	0.426160	4.781541	5.354303
KLLA0_F23573g	195	16.651905	186.835403	209.215683
KLLA0_B01606g	152	3.764907	42.242489	47.302551
KLLA0_F12034g	302	4.709397	52.839725	59.169189
KLLA0_E12563g	1528	174.259506	1955.202393	2189.408447
KLLA0_E04797g	64	3.341538	37.492264	41.983315
KLLA0_A04521g	17	1.057692	11.867370	13.288915
KLLA0_C13673g	82	3.966475	44.504093	49.835064
KLLA0_C07128g	48	0.755701	8.479012	9.494679
KLLA0_A00506g	164	15.435185	173.183731	193.928726
KLLA0_A07909g	111	1.699789	19.071737	21.356266
KLLA0_E18723g	251	11.263668	126.379051	141.517502
KLLA0_C14850g	52	1.386943	15.561585	17.425648
KLLA0_C12639g	74	14.768627	165.704895	185.554047
KLLA0_C01782g	3	0.129870	1.457149	1.631696
KLLA0_D06061g	111	7.514667	84.315025	94.414795
KLLA0_B12309g	84	2.180513	24.465490	27.396114
KLLA0_D16093g	121	16.685637	187.213867	209.639496
KLLA0_F22539g	4	0.105919	1.188418	1.330774
KLLA0_B00957g	6	0.086470	0.970199	1.086415
KLLA0_B04686g	132	12.662880	142.078293	159.097290
ENSRNAG049935383	1	0.114155	1.280826	1.434251
KLLA0_C04125g	34	1.357647	15.232882	17.057570
ENSRNAG049935481	27	3.511811	39.402737	44.122635
KLLA0_F15730g	312	26.760942	300.259399	336.226318
KLLA0_D02970g	22	0.672111	7.541127	8.444448
KLLA0_F20185g	24	1.390443	15.600856	17.469622
KLLA0_D02420g	1	0.079812	0.895496	1.002764
KLLA0_A01826g	108	1.245279	13.972107	15.645771
KLLA0_A00803g	106	1.880728	21.101885	23.629597
KLLA0_D11198g	77	2.527132	28.354578	31.751060
KLLA0_F20273g	194	18.318518	205.534897	230.155121
KLLA0_D03608g	188	8.098139	90.861610	101.745575
KLLA0_F20966g	39	0.653452	7.331771	8.210016
KLLA0_D05423g	14	0.241404	2.708568	3.033016
KLLA0_A02189g	138	2.994040	33.593315	37.617325
KLLA0_B08195g	144	7.353474	82.506432	92.389549
KLLA0_D05973g	0	0.0	0.0	0.0
KLLA0_F13090g	19	0.862100	9.672815	10.831484
KLLA0_E02553g	0	0.000000	0.000000	0.000000
KLLA0_C06292g	258	17.060959	191.425018	214.355057
KLLA0_D18458g	683	21.289907	238.874084	267.487854
KLLA0_E03829g	5	0.134973	1.514405	1.695810
KLLA0_F08811g	323	8.612245	96.629913	108.204842
KLLA0_B03267g	207	5.486458	61.558395	68.932236
KLLA0_D07986g	194	9.886887	110.931480	124.219528
KLLA0_A10681g	7	0.321461	3.606812	4.038858
KLLA0_D12980g	143	6.065327	68.053345	76.205185
KLLA0_A03696g	18	1.866242	20.939350	23.447594
KLLA0_A06952g	166	3.934449	44.144760	49.432686
KLLA0_B08261g	97	4.615169	51.782482	57.985302
KLLA0_D15983g	97	1.585907	17.793974	19.925444
KLLA0_F03817g	309	9.178634	102.984833	115.320992
KLLA0_C15059g	1	0.029772	0.334044	0.374057
KLLA0_C05918g	3	0.380952	4.274305	4.786307
KLLA0_B11616g	361	11.406580	127.982529	143.313049
KLLA0_E25081g	9	0.242472	2.720551	3.046435
KLLA0_D16544g	328	8.029341	90.089699	100.881187
KLLA0_E16897g	116	2.376917	26.669155	29.863749
KLLA0_C11517g	1	0.030710	0.344568	0.385843
KLLA0_C09867g	13	0.550044	6.171528	6.910790
KLLA0_F13948g	6	0.357049	4.006112	4.485988
KLLA0_D18964g	12	0.552023	6.193732	6.935655
KLLA0_F02299g	21	0.400153	4.489742	5.027550
KLLA0_E15005g	24	0.707231	7.935175	8.885699
KLLA0_D03388g	6	0.373656	4.192443	4.694640
KLLA0_F20361g	213	8.078125	90.637062	101.494118
KLLA0_D10373g	352	23.794157	266.971924	298.951447
KLLA0_D05819g	74	1.814438	20.358107	22.796724
KLLA0_F12001g	4	0.153349	1.720585	1.926687
KLLA0_F26719r	2	1.208333	13.557571	15.181579
KLLA0_C16313g	945	36.331825	407.645325	456.475525
KLLA0_C07216g	125	3.085770	34.622528	38.769825
KLLA0_F08019g	343	7.678524	86.153511	96.473503
KLLA0_E10517g	514	5.565412	62.444263	69.924217
KLLA0_E24949g	65	2.247423	25.216225	28.236776
KLLA0_F26686g	0	0.0	0.0	0.0
KLLA0_F22451g	61	2.269912	25.468554	28.519331
KLLA0_B07997g	4	0.504854	5.664493	6.343021
KLLA0_A05511g	10	2.044177	22.935793	25.683180
KLLA0_D09350g	61	1.815012	20.364546	22.803936
KLLA0_B07370g	21	1.172798	13.158867	14.735115
KLLA0_F26983g	61	2.208689	24.781626	27.750120
KLLA0_F06831g	65	7.357778	82.554718	92.443626
KLLA0_C12221g	212	25.095572	281.573853	315.302490
KLLA0_F18568g	0	0.0	0.0	0.0
KLLA0_A08041g	186	5.179781	58.117462	65.079124
KLLA0_E03697g	4	0.068826	0.772232	0.864735
KLLA0_C13519g	0	0.000000	0.000000	0.000000
KLLA0_F11143g	41	0.850942	9.547622	10.691294
KLLA0_D03366g	53	2.748194	30.834906	34.528500
KLLA0_E07701g	113	5.013054	56.246773	62.984356
KLLA0_D18260g	269	5.581092	62.620193	70.121223
KLLA0_F18909g	16	1.331641	14.941093	16.730829
KLLA0_E08691g	88	4.639583	52.056408	58.292038
KLLA0_B02981g	19	0.470884	5.283348	5.916219
KLLA0_A03047g	173	5.149061	57.772781	64.693153
KLLA0_B08998g	534	19.773420	221.858978	248.434601
KLLA0_C00132g	102	3.383055	37.958084	42.504936
KLLA0_A02277g	47	2.614208	29.331575	32.845089
KLLA0_F25696g	201	15.281016	171.453949	191.991730
KLLA0_B10054g	17	1.888158	21.185249	23.722946
KLLA0_C17490g	110	4.112583	46.143436	51.670780
KLLA0_F07205g	61	1.881170	21.106844	23.635149
KLLA0_F20988g	86	4.392929	49.288937	55.193062
KLLA0_E09813g	26	0.578759	6.493712	7.271568
KLLA0_A09713g	134	4.059737	45.550499	51.006817
KLLA0_F22704r	0	0.000000	0.000000	0.000000
KLLA0_E20637g	0	0.0	0.0	0.0
KLLA0_C15213g	2	0.091398	1.025491	1.148331
KLLA0_D18942g	138	6.518622	73.139336	81.900414
KLLA0_C12265g	186	7.150830	80.232750	89.843521
KLLA0_E01827g	564	50.717812	569.056946	637.222107
KLLA0_F17567g	18	2.312336	25.944551	29.052349
KLLA0_F22990g	154	2.080276	23.340824	26.136730
KLLA0_E23563g	4	0.226891	2.545731	2.850674
KLLA0_F23034g	93	3.077931	34.534576	38.671337
KLLA0_C15851g	54	1.209663	13.572494	15.198289
KLLA0_C10318g	98	4.956088	55.607616	62.268631
KLLA0_F07557g	1418	49.387978	554.136169	620.513916
KLLA0_F24332g	79	5.820176	65.302734	73.125092
KLLA0_E21055g	1	0.059796	0.670915	0.751281
KLLA0_F19272g	11	0.685393	7.690151	8.611324
KLLA0_F04972g	38	1.726612	19.372692	21.693272
KLLA0_E17711g	390	40.593048	455.456482	510.013855
KLLA0_F06798g	61	4.048556	45.425045	50.866333
KLLA0_F21604g	0	0.0	0.0	0.0
ENSRNAG049935352	0	0.000000	0.000000	0.000000
KLLA0_C02255g	107	1.555173	17.449137	19.539301
KLLA0_C18447g	162	6.205418	69.625175	77.965302
KLLA0_E20263g	178	4.357829	48.895111	54.752064
KLLA0_A06490g	34	4.920228	55.205261	61.818085
KLLA0_E00507g	92	2.903607	32.578648	36.481117
KLLA0_E15159g	579	54.607407	612.698425	686.091248
KLLA0_F10725g	64	3.390295	38.039318	42.595898
KLLA0_F13706g	433	8.723606	97.879402	109.603989
KLLA0_D01595g	334	7.871759	88.321617	98.901321
KLLA0_A04796g	527	41.789719	468.883209	525.048889
KLLA0_C19228g	53	1.507883	16.918541	18.945147
KLLA0_F01012g	0	0.0	0.0	0.0
KLLA0_C04928g	7496	728.146729	8169.851074	9148.486328
KLLA0_A02233g	193	12.414449	139.290878	155.975998
KLLA0_B07183g	8	0.956743	10.734715	12.020585
KLLA0_F24684g	81	1.413415	15.858603	17.758244
KLLA0_D01287g	4	0.180154	2.021339	2.263467
KLLA0_F18612g	56	1.153783	12.945516	14.496209
KLLA0_C03454g	224	4.210507	47.242149	52.901100
KLLA0_F10043g	14	0.439824	4.934853	5.525979
KLLA0_B09988g	4	0.132399	1.485525	1.663470
KLLA0_E09681g	67	1.434227	16.092115	18.019726
KLLA0_E21231g	48	12.441026	139.589066	156.309906
KLLA0_D07634g	3198	508.018677	5700.000977	6382.781738
KLLA0_F17215g	24	1.882540	21.122215	23.652363
KLLA0_D18623g	87	1.880769	21.102345	23.630112
KLLA0_F09559g	45	1.151239	12.916973	14.464246
KLLA0_D19360g	210	6.350595	71.254066	79.789314
KLLA0_B02948r	425	83.173080	933.207092	1044.992310
KLLA0_F09647g	11	0.300275	3.369104	3.772676
KLLA0_D01023g	18	1.084263	12.165497	13.622755
KLLA0_E14235g	4	0.114627	1.286122	1.440181
KLLA0_D04708g	282	6.096391	68.401886	76.595474
KLLA0_A11638g	14	0.428224	4.804699	5.380236
KLLA0_C13299g	44	3.045643	34.172302	38.265667
KLLA0_E19581g	10	0.944762	10.600287	11.870054
KLLA0_F21494r	0	0.000000	0.000000	0.000000
KLLA0_D11792g	23	0.561710	6.302421	7.057363
KLLA0_B10538g	454	10.524135	118.081436	132.225952
KLLA0_F09482r	0	0.0	0.0	0.0
KLLA0_F21032g	36	2.040269	22.891943	25.634079
KLLA0_A00154g	55	6.308924	70.786522	79.265755
KLLA0_E24355g	12	0.393876	4.419313	4.948685
KLLA0_E24113g	8023	236.767365	2656.544434	2974.761475
KLLA0_D19789g	103	4.062937	45.586403	51.047016
KLLA0_E10297g	360	20.940639	234.955276	263.099640
KLLA0_A06996g	113	9.388889	105.343910	117.962646
KLLA0_C14674g	109	4.979280	55.867828	62.560017
KLLA0_F20878g	329	11.605682	130.216476	145.814590
KLLA0_F24574g	282	6.714420	75.336205	84.360435
KLLA0_B02871g	127	20.482540	229.815353	257.344055
KLLA0_D00704g	1444	103.119751	1157.009888	1295.603638
KLLA0_F01441g	196	7.039548	78.984161	88.445366
KLLA0_F05181g	17	0.346024	3.882411	4.347469
KLLA0_E09571g	0	0.0	0.0	0.0
KLLA0_E08405g	76	1.649100	18.503002	20.719406
KLLA0_C17160g	17	0.328125	3.681583	4.122585
KLLA0_F26873g	2416	167.619049	1880.696045	2105.977295
KLLA0_E08053g	39	2.169417	24.340992	27.256704
KLLA0_A06281g	28	4.160819	46.684647	52.276817
KLLA0_D00157g	1	0.188713	2.117371	2.371003
KLLA0_F18194g	3409	64.392220	722.484680	809.028259
KLLA0_A03069g	94	1.778646	19.956518	22.347031
KLLA0_D09779g	99	2.657128	29.813143	33.384338
KLLA0_F00843g	42	7.080808	79.447098	88.963760
KLLA0_E01211g	4016	191.762161	2151.583252	2409.312988
KLLA0_B10329g	216	5.966884	66.948807	74.968338
ENSRNAG049935349	0	0.0	0.0	0.0
KLLA0_C10692g	191	6.206654	69.639038	77.980827
KLLA0_B05137g	224	4.348225	48.787354	54.631397
KLLA0_C18469g	249	20.342949	228.249146	255.590195
KLLA0_C10780g	282	22.600630	253.580460	283.955872
KLLA0_E03323g	166	12.415903	139.307190	155.994263
KLLA0_F13904g	245	7.164943	80.391106	90.020836
KLLA0_E18063g	125	6.449685	72.365860	81.034286
KLLA0_C14828g	12	0.321693	3.609415	4.041773
KLLA0_B14058g	55	4.748718	53.280903	59.663219
KLLA0_D06721g	81	1.551282	17.405479	19.490414
KLLA0_C07150g	17	1.066411	11.965198	13.398461
KLLA0_D18799g	453	16.423077	184.267929	206.340668
KLLA0_F28039g	53	2.036281	22.847198	25.583977
KLLA0_C16423g	22	0.393939	4.420020	4.949477
KLLA0_F07667g	150	7.121974	79.908981	89.480972
KLLA0_C15961g	381	22.554007	253.057358	283.370087
KLLA0_B09878g	10	0.385031	4.320072	4.837556
ENSRNAG049935494	5	1.991216	22.341566	25.017775
KLLA0_C05544g	44	2.784091	31.237671	34.979511
KLLA0_F03014g	9	0.180894	2.029642	2.272765
KLLA0_F07095g	174	7.160584	80.342194	89.966072
KLLA0_F18502g	22	1.178218	13.219678	14.803212
KLLA0_D16918g	20	0.478770	5.371829	6.015299
KLLA0_B01540g	15	0.948035	10.637012	11.911177
KLLA0_F09669g	265	7.180755	80.568512	90.219498
KLLA0_A02695g	468	33.646893	377.520203	422.741852
KLLA0_D06765g	59	2.099859	23.560547	26.382772
KLLA0_C01452g	364	7.755025	87.011856	97.434669
KLLA0_E22793g	20	3.787879	42.500237	47.591171
KLLA0_E00617g	76	2.275414	25.530285	28.588457
KLLA0_E18415g	8	0.551282	6.185418	6.926345
KLLA0_C09064g	6	0.688889	7.729377	8.655249
KLLA0_F19184g	18	0.565302	6.342723	7.102493
ENSRNAG049935486	11	4.592088	51.523510	57.695309
KLLA0_B09592g	2	0.085828	0.962995	1.078349
KLLA0_E13597g	165	3.400567	38.154572	42.724957
KLLA0_C03278g	54	2.720079	30.519453	34.175259
KLLA0_A04543g	134	20.593939	231.065262	258.743652
KLLA0_C01188g	778	26.820101	300.923187	336.969574
KLLA0_E22419g	220	9.572650	107.405724	120.271431
KLLA0_F05610g	703	23.934536	268.546967	300.715149
KLLA0_A11594g	172	1.901154	21.331066	23.886230
KLLA0_F14509g	185	3.684664	41.342159	46.294373
KLLA0_E19911g	64	1.484311	16.654060	18.648985
KLLA0_F02497g	128	2.854002	32.022076	35.857876
KLLA0_E14653g	2	0.069735	0.782431	0.876155
KLLA0_E14477g	49	1.153882	12.946627	14.497453
KLLA0_D04181g	1	0.209402	2.349503	2.630941
KLLA0_B04334g	70	8.870646	99.529205	111.451408
KLLA0_D17446g	716	30.707071	344.535217	385.805756
KLLA0_C16071g	353	18.694704	209.755722	234.881546
KLLA0_D07898g	212	3.183378	35.717697	39.996181
KLLA0_F09845g	131	4.230720	47.468941	53.155056
KLLA0_C17930g	124	8.240523	92.459175	103.534500
KLLA0_E09197g	155	1.877205	21.062355	23.585333
KLLA0_B08118r	29	12.668850	142.145279	159.172302
KLLA0_E23651g	12	1.236025	13.868277	15.529503
KLLA0_C12463g	12	0.974235	10.930977	12.240355
KLLA0_B09240g	303	6.435127	72.202522	80.851379
KLLA0_E13113g	112	5.104223	57.269691	64.129807
KLLA0_D02134g	24	0.704559	7.905196	8.852128
KLLA0_E13355g	43	7.524305	84.423164	94.535889
KLLA0_F14146g	295	23.269770	261.088257	292.362976
KLLA0_E21649g	179	9.491667	106.497086	119.253960
KLLA0_E11353g	317	7.452612	83.618767	93.635132
KLLA0_D19833g	231	8.351064	93.699448	104.923332
KLLA0_C00847g	132	6.730924	75.521385	84.567795
KLLA0_D17072g	61	4.723502	52.997986	59.346405
KLLA0_C15741g	8	0.410675	4.607799	5.159749
KLLA0_F13574g	11	0.352564	3.955790	4.429638
KLLA0_F08679g	164	7.692521	86.310562	96.649361
KLLA0_F04147r	1	0.444444	4.986689	5.584025
KLLA0_F07403g	5	0.236590	2.654554	2.972533
KLLA0_F11682g	15	0.673778	7.559831	8.465393
KLLA0_F22605g	124	2.180208	24.462067	27.392282
KLLA0_D17358g	567	5.205336	58.404190	65.400200
KLLA0_F15752g	22	0.491767	5.517656	6.178595
KLLA0_D02662r	0	0.0	0.0	0.0
KLLA0_C01254g	306	12.917911	144.939758	162.301529
KLLA0_F11979g	6	0.175991	1.974630	2.211163
ENSRNAG049935525	0	0.000000	0.000000	0.000000
KLLA0_D19536g	15	0.538064	6.037111	6.760273
KLLA0_B12100g	9	0.828678	9.297818	10.411568
KLLA0_E09901g	66	1.997623	22.413452	25.098272
KLLA0_D14355g	76	2.181098	24.472054	27.403465
KLLA0_E24597g	506	12.366426	138.752060	155.372620
KLLA0_D05775g	56	3.791165	42.537106	47.632458
KLLA0_D14113g	664	33.748505	378.660309	424.018524
KLLA0_D19877g	10	0.170198	1.909632	2.138379
KLLA0_E20835g	36	0.880847	9.883158	11.067022
KLLA0_D15334g	254	16.090796	180.539719	202.165863
ENSRNAG049935397	0	0.0	0.0	0.0
KLLA0_D03190g	17	0.748883	8.402514	9.409018
KLLA0_C02453g	430	7.094590	79.601738	89.136917
KLLA0_F16280g	39	1.371388	15.387056	17.230213
KLLA0_F03773g	364	8.004313	89.808891	100.566742
KLLA0_B08129g	5	0.144505	1.621355	1.815571
KLLA0_B12155g	472	12.816533	143.802292	161.027802
KLLA0_D03344g	31	0.915937	10.276870	11.507895
KLLA0_F17413g	426	14.370444	161.237274	180.551239
KLLA0_A06930g	7	0.180272	2.022663	2.264950
KLLA0_F11748g	91	1.691466	18.978352	21.251696
KLLA0_D16588g	125	2.770478	31.084934	34.808475
KLLA0_D11203r	2	1.186046	13.307508	14.901564
KLLA0_D18326g	4	0.237089	2.660153	2.978802
KLLA0_F24904g	146	5.832942	65.445969	73.285484
KLLA0_E14433g	38	1.652742	18.543867	20.765163
KLLA0_A11440g	33	2.015701	22.616289	25.325405
KLLA0_B07799g	114	1.570304	17.618908	19.729408
KLLA0_E01893g	1	0.084656	0.949846	1.063624
KLLA0_F22385g	4274	49.959881	560.552979	627.699341
ENSRNAG049935319	1	0.201389	2.259597	2.530265
KLLA0_C01628g	3568	645.202148	7239.207520	8106.364258
KLLA0_E17689r	1	0.113709	1.275822	1.428648
KLLA0_E03103g	4	0.098133	1.101058	1.232950
KLLA0_F19624g	7	0.274797	3.083239	3.452568
KLLA0_F06270g	18	0.879845	9.871915	11.054433
KLLA0_D08481g	312	5.124234	57.494225	64.381226
KLLA0_E23431g	244	5.383246	60.400349	67.635475
KLLA0_E03895g	323	38.855793	435.964417	488.186829
KLLA0_F11572g	33	0.927536	10.407011	11.653626
KLLA0_D08349g	51	2.098522	23.545546	26.365974
KLLA0_E00815g	34	0.895570	10.048350	11.252003
KLLA0_D10263g	116	4.480974	50.276810	56.299267
KLLA0_F05357g	22	1.024931	11.499788	12.877303
KLLA0_F02167g	45	1.214968	13.632015	15.264941
KLLA0_F05555g	520	84.028572	942.805725	1055.740845
KLLA0_D02046g	13	0.856369	9.608513	10.759479
KLLA0_A00715g	157	4.497748	50.465008	56.510014
KLLA0_C12155r	1	0.114155	1.280826	1.434251
KLLA0_F07821g	151	4.205382	47.184643	52.836708
KLLA0_C03872g	73	3.286472	36.874420	41.291462
KLLA0_C05566g	4945	175.833328	1972.860840	2209.182129
KLLA0_F11319g	792	15.936019	178.803116	200.221237
KLLA0_A04730g	150	2.488258	27.918406	31.262644
KLLA0_E03411g	50	2.977381	33.406395	37.408020
KLLA0_E22727g	85	1.035543	11.618856	13.010633
KLLA0_E13949g	109	4.069016	45.654610	51.123398
KLLA0_D01177r	0	0.0	0.0	0.0
KLLA0_C06006g	29	0.949968	10.658699	11.935463
KLLA0_D18370g	15	0.701311	7.868752	8.811319
ENSRNAG049935521	0	0.000000	0.000000	0.000000
KLLA0_D12232g	345	5.171235	58.021580	64.971748
KLLA0_D09933g	20	0.838515	9.408190	10.535160
KLLA0_D11000g	457	21.537500	241.652084	270.598633
KLLA0_F07865g	3	0.451713	5.068248	5.675353
KLLA0_F14619g	1161	85.785507	962.518677	1077.814941
KLLA0_D12694g	150	1.854288	20.805225	23.297401
KLLA0_C17754g	30	2.181287	24.474176	27.405840
KLLA0_C13882g	292	49.633335	556.889038	623.596619
KLLA0_B04840g	273	6.009499	67.426949	75.503761
KLLA0_F06226g	3810	191.021637	2143.274414	2400.009033
KLLA0_C00869g	33	1.489305	16.710093	18.711731
KLLA0_F14278g	39	1.463087	16.415926	18.382326
KLLA0_C12375g	95	4.748521	53.278698	59.660744
KLLA0_A06754g	5	0.810526	9.094151	10.183504
KLLA0_A08646g	76	3.280206	36.804115	41.212734
KLLA0_A07535g	14	0.891892	10.007084	11.205792
KLLA0_E19801g	11	0.323030	3.624416	4.058571
KLLA0_B10846g	218	8.566125	96.112450	107.625381
KLLA0_E01475g	631	33.577847	376.745514	421.874390
KLLA0_D09977g	187	4.994750	56.041401	62.754383
KLLA0_C16225g	80	7.292115	81.817986	91.618637
KLLA0_C11737g	5	1.073059	12.039787	13.481987
KLLA0_B07623g	167	20.495169	229.957062	257.502686
KLLA0_D14949g	7	0.122108	1.370059	1.534173
KLLA0_D06699g	2	0.450704	5.056927	5.662676
KLLA0_F04389g	246	7.005593	78.603180	88.018753
KLLA0_F26455g	443	8.712963	97.759979	109.470268
KLLA0_B05995g	361	12.490156	140.140320	156.927185
KLLA0_A07337g	22	0.932318	10.460665	11.713708
KLLA0_F12606g	22	1.037037	11.635619	13.029405
KLLA0_E20373g	151	7.885128	88.471626	99.069290
KLLA0_F25630g	81	1.356812	15.223515	17.047079
ENSRNAG049935403	87	2.438195	27.356697	30.633650
KLLA0_F04609g	149	2.743730	30.784822	34.472412
KLLA0_E05039g	0	0.0	0.0	0.0
KLLA0_D11206r	2	0.488708	5.483334	6.140161
KLLA0_A01694g	14	0.413591	4.640517	5.196386
KLLA0_F15510g	6	0.154628	1.734936	1.942757
KLLA0_F02013g	32	0.930041	10.435118	11.685099
KLLA0_D10637g	5	0.079292	0.889661	0.996230
KLLA0_E11485g	133	2.716867	30.483416	34.134903
KLLA0_D19987g	9	0.952635	10.688623	11.968971
KLLA0_D08844r	0	0.000000	0.000000	0.000000
KLLA0_A09339g	2538	87.488167	981.622620	1099.207397
KLLA0_F12386g	80	3.684018	41.334908	46.286255
KLLA0_F13332g	302	39.122139	438.952789	491.533264
KLLA0_E02399g	14	1.207679	13.550233	15.173362
KLLA0_B14707g	333	18.200428	204.209930	228.671432
KLLA0_D00253g	11	0.296360	3.325177	3.723487
KLLA0_E03741r	1	0.130137	1.460145	1.635050
KLLA0_F15367g	243	2.415010	27.096561	30.342352
KLLA0_F18040g	134	14.896930	167.144470	187.166046
KLLA0_F13684g	71	2.099650	23.558201	26.380146
KLLA0_A08338g	401	8.867014	99.488441	111.405777
KLLA0_F26400g	17	0.454641	5.101100	5.712141
KLLA0_C04004g	34	1.287879	14.450082	16.181000
KLLA0_E02289g	272	36.299213	407.279419	456.065796
KLLA0_F24706g	100	4.049680	45.437660	50.880463
KLLA0_D15400g	13	0.491433	5.513908	6.174398
KLLA0_F14256g	91	1.592210	17.864695	20.004637
KLLA0_C18887g	1130	54.708450	613.832153	687.360779
KLLA0_C06589g	11	0.192281	2.157405	2.415832
KLLA0_C02783g	82	1.743012	19.556702	21.899323
KLLA0_B10285g	19	1.435435	16.105669	18.034904
KLLA0_C01650g	88	1.331836	14.943282	16.733278
KLLA0_F15158g	371	8.932012	100.217728	112.222412
KLLA0_B14410g	349	8.371052	93.923721	105.174477
KLLA0_F20097r	2	0.711390	7.981840	8.937953
KLLA0_E06799g	419	13.788114	154.703491	173.234818
KLLA0_D13992g	3	0.328829	3.689481	4.131430
KLLA0_B10395g	46	1.960365	21.995417	24.630161
KLLA0_E19009g	40	2.435897	27.330915	30.604778
KLLA0_C06138g	70	1.664786	18.679001	20.916485
KLLA0_D10802g	326	8.228671	92.326195	103.385590
KLLA0_B12012g	58	1.362117	15.283036	17.113731
KLLA0_F20746g	39	0.938920	10.534740	11.796656
KLLA0_C07359g	782	30.744041	344.950043	386.270264
KLLA0_D15081g	76	1.261787	14.157328	15.853179
KLLA0_B11011g	71	3.067152	34.413635	38.535908
KLLA0_A05731g	297	12.712007	142.629501	159.714523
KLLA0_B03333g	11	0.552381	6.197749	6.940153
KLLA0_D15455g	283	11.788399	132.266556	148.110260
KLLA0_E17007g	20	1.887640	21.179436	23.716438
KLLA0_E10737g	6	0.285266	3.200702	3.584102
KLLA0_E08559g	493	18.170645	203.875748	228.297226
KLLA0_F06776g	7	0.241815	2.713179	3.038180
KLLA0_E05831g	1196	73.654587	826.408936	925.401245
KLLA0_F15796g	15	0.550958	6.181782	6.922274
KLLA0_B05841g	226	2.042931	22.921812	25.667526
KLLA0_C07645g	69	2.301181	25.819395	28.912197
KLLA0_E02025g	7	0.800454	8.981143	10.056959
KLLA0_E07305g	12	0.986111	11.064226	12.389566
KLLA0_B10406g	8	0.903493	10.137247	11.351548
KLLA0_E08647g	161	26.275640	294.814301	330.128937
KLLA0_E11859g	2864	196.302414	2202.525146	2466.356934
KLLA0_A03091g	95	4.168403	46.769741	52.372105
KLLA0_D04664g	358	12.128409	136.081497	152.382172
KLLA0_B13607g	125	2.141751	24.030579	26.909107
KLLA0_A06864r	1	0.092846	1.041738	1.166524
KLLA0_C18480r	5	2.020618	22.671459	25.387184
KLLA0_B10120g	110	5.356256	60.097527	67.296371
KLLA0_A02629g	22	0.646429	7.252973	8.121778
KLLA0_C16775g	18	4.045662	45.392578	50.829975
KLLA0_C18491g	376	5.321935	59.712444	66.865158
KLLA0_E18569g	72	5.665123	63.563026	71.176994
KLLA0_B04400g	7	1.932203	21.679438	24.276331
KLLA0_F17710r	0	0.000000	0.000000	0.000000
KLLA0_E11947g	665	18.358809	205.986969	230.661331
KLLA0_F23606g	47	2.035806	22.841867	25.578007
KLLA0_F00792g	37	1.560068	17.504059	19.600801
KLLA0_F07029g	707	36.735985	412.179993	461.553436
KLLA0_E16523g	104	5.249751	58.902531	65.958229
KLLA0_B03377g	524	33.479950	375.647095	420.644379
KLLA0_F11704g	396	6.633465	74.427887	83.343307
KLLA0_A05368g	4	0.127522	1.430805	1.602195
KLLA0_E05127g	177	52.508774	589.151672	659.723816
KLLA0_F24948g	14	1.385230	15.542365	17.404125
ENSRNAG049935332	1	0.099101	1.111919	1.245112
KLLA0_A07579g	325	7.658807	85.932281	96.225777
KLLA0_B08976g	8	0.425926	4.778916	5.351364
KLLA0_F04774g	20	1.061202	11.906753	13.333014
KLLA0_F09691g	236	7.907115	88.718315	99.345535
KLLA0_E17315g	56	8.984127	100.802467	112.877190
KLLA0_A08800g	33	1.240152	13.914582	15.581355
KLLA0_B04455g	40	2.247204	25.213768	28.234026
KLLA0_B13585g	296	3.426203	38.442211	43.047050
KLLA0_C01430g	7	0.815385	9.148669	10.244554
KLLA0_B09746g	8	0.291121	3.266396	3.657664
KLLA0_B08371g	595	37.588596	421.746338	472.265717
KLLA0_F02640g	53	4.077981	45.755196	51.236034
KLLA0_E20989g	402	23.810686	267.157379	299.159088
KLLA0_B01001g	221	6.025228	67.603424	75.701378
KLLA0_B13387g	0	0.0	0.0	0.0
KLLA0_D06963g	25	2.613169	29.319916	32.832035
KLLA0_C13497g	54	5.668750	63.603722	71.222565
KLLA0_F21560g	131	4.348395	48.789261	54.633533
KLLA0_A07040g	584	15.265641	171.281433	191.798569
KLLA0_C05588g	12	0.373154	4.186811	4.688333
KLLA0_C16940g	148	3.892690	43.676220	48.908024
KLLA0_B02002g	720	56.099388	629.438599	704.836548
KLLA0_F24090g	44	0.757607	8.500397	9.518626
KLLA0_F06314g	104	14.233871	159.704910	178.835327
KLLA0_F04037g	26	1.986238	22.285711	24.955231
KLLA0_F01320g	287	11.023378	123.682983	138.498474
KLLA0_D06237g	30	0.807420	9.059302	10.144481
KLLA0_A01111g	452	36.576191	410.387115	459.545776
KLLA0_E12651g	804	50.194855	563.189331	630.651611
KLLA0_D16566g	532	3.652778	40.984394	45.893753
KLLA0_B04906g	147	4.487410	50.349018	56.380127
KLLA0_F13860g	315	38.219044	428.820007	480.186707
KLLA0_A05247g	58	3.758974	42.175919	47.228008
KLLA0_B12958g	10	0.441150	4.949730	5.542639
KLLA0_B02068g	58	0.840753	9.433301	10.563278
KLLA0_C03157g	6	0.338501	3.798002	4.252950
KLLA0_F19063g	226	9.206730	103.300072	115.673988
KLLA0_B01430r	1	0.209359	2.349021	2.630401
ENSRNAG049935306	1	0.092846	1.041738	1.166524
KLLA0_F25234g	284	9.634666	108.101555	121.050606
KLLA0_D06853g	38	3.421147	38.385483	42.983524
KLLA0_C05434r	0	0.0	0.0	0.0
KLLA0_F12540g	79	10.587301	118.790169	133.019577
KLLA0_D19118g	1412	22.939451	257.382050	288.212860
ENSRNAG049935526	4	1.687677	18.935841	21.204090
KLLA0_A07689g	148	10.426389	116.984718	130.997864
KLLA0_C13013g	58	2.112554	23.702988	26.542274
KLLA0_F26334g	32	4.140625	46.458065	52.023098
KLLA0_F15994g	347	13.743770	154.205948	172.677673
KLLA0_A10197g	437	27.514814	308.717926	345.698029
KLLA0_A08910g	3894	51.676033	579.808289	649.261230
KLLA0_D04554g	160	2.657543	29.817795	33.389553
KLLA0_A05302g	374	16.959002	190.281036	213.074066
KLLA0_F06424g	464	22.083099	247.773727	277.453583
KLLA0_E16171g	0	0.000000	0.000000	0.000000
KLLA0_E01959g	5675	574.194458	6442.497070	7214.218262
KLLA0_F05489g	94	3.606335	40.463299	45.310242
KLLA0_D00858g	163	5.105166	57.280273	64.141655
KLLA0_C01936g	19	0.501035	5.621643	6.295038
KLLA0_E08669g	84	2.715105	30.463646	34.112766
ENSRNAG049935448	7	4.657335	52.255585	58.515076
KLLA0_F08635g	0	0.0	0.0	0.0
KLLA0_E24751g	4	0.277322	3.111570	3.484293
KLLA0_F20944g	62	2.209825	24.794373	27.764393
KLLA0_C08151g	24	0.631825	7.089115	7.938293
KLLA0_F24200g	380	9.872894	110.774475	124.043716
KLLA0_D17831r	11403	172.861328	1939.514771	2171.841553
KLLA0_E17425g	31	0.206496	2.316898	2.594430
KLLA0_C14740g	4	0.303030	3.400015	3.807290
KLLA0_E17975g	39	2.091295	23.464458	26.275175
KLLA0_B10769g	37	7.310078	82.019524	91.844322
KLLA0_D00902g	68	2.327248	26.111868	29.239704
ENSRNAG049935427	1	0.321777	3.610358	4.042829
KLLA0_F02882g	74	1.572564	17.644264	19.757803
KLLA0_B00759g	232	8.625092	96.774055	108.366249
KLLA0_C09416g	7	0.256790	2.881200	3.226327
ENSRNAG049935364	0	0.0	0.0	0.0
KLLA0_C03003g	295	7.639186	85.712135	95.979256
KLLA0_E03763g	915	45.340141	508.719147	569.656616
ENSRNAG049935440	0	0.0	0.0	0.0
KLLA0_C18161g	87	6.311966	70.820641	79.303978
KLLA0_E20879g	454	7.593832	85.203262	95.409424
KLLA0_F07843g	1	0.114219	1.281544	1.435055
KLLA0_F01881g	615	44.656696	501.050903	561.069824
KLLA0_D09108g	613	22.896704	256.902435	287.675751
KLLA0_B14916g	27	0.816697	9.163391	10.261037
KLLA0_D10868g	52	3.085681	34.621529	38.768707
KLLA0_D00143g	98	3.273935	36.733753	41.133945
KLLA0_D05225g	60	3.708333	41.607727	46.591751
KLLA0_E18547g	23	0.878086	9.852179	11.032332
KLLA0_F10549g	95	1.471001	16.504723	18.481758
KLLA0_F11935g	269	9.699929	108.833801	121.870575
KLLA0_E07085g	125	4.668875	52.385067	58.660065
KLLA0_D17798r	88	2.474173	27.760376	31.085680
KLLA0_D10912g	24	0.618675	6.941572	7.773075
KLLA0_D05016g	124	4.712462	52.874111	59.207695
KLLA0_E12431g	34	4.797721	53.830727	60.278896
KLLA0_F09405g	45	1.403799	15.750711	17.637426
KLLA0_B12441g	919	49.277603	552.897766	619.127197
KLLA0_A10901g	59	2.336441	26.215014	29.355206
KLLA0_B12760g	318	9.940454	111.532501	124.892548
KLLA0_F09053g	262	9.816041	110.136589	123.329414
KLLA0_A03201g	36	1.600704	17.959997	20.111355
KLLA0_C13167g	199	9.906863	111.155617	124.470505
KLLA0_D01529g	6	0.169323	1.899814	2.127386
KLLA0_D03212g	12	1.099415	12.335503	13.813126
KLLA0_B09944g	132	3.314074	37.184116	41.638252
KLLA0_D16027g	1001	66.673210	748.077515	837.686829
KLLA0_F02816g	1266	22.603992	253.618195	283.998108
KLLA0_C09482g	167	6.457382	72.452225	81.130989
KLLA0_C15653g	113	1.888560	21.189760	23.727997
KLLA0_F16060g	50	2.210296	24.799656	27.770311
KLLA0_D17138g	183	3.371015	37.822998	42.353664
KLLA0_B11902g	245	8.363575	93.839821	105.080528
KLLA0_D07579g	33	5.608843	62.931561	70.469887
KLLA0_B05764r	3	1.770833	19.868856	22.248867
KLLA0_E09637g	12	0.345848	3.880436	4.345258
KLLA0_F24178g	2	0.066529	0.746459	0.835875
KLLA0_F00638g	14	0.579634	6.503529	7.282561
KLLA0_B11858g	214	4.608291	51.705311	57.898884
KLLA0_E20813g	253	23.353260	262.025024	293.411957
KLLA0_D14135g	162	10.869047	121.951378	136.559448
KLLA0_E11177g	93	3.174089	35.613472	39.879471
ENSRNAG049935461	1	0.135135	1.516223	1.697845
KLLA0_A07293g	90	2.591324	29.074816	32.557571
KLLA0_D12364g	94	2.527954	28.363802	31.761389
KLLA0_A08822g	23	0.650086	7.294005	8.167726
KLLA0_C15477g	31	1.557229	17.472206	19.565132
KLLA0_F22242g	427	33.103500	371.423309	415.914642
KLLA0_F27863g	34	2.352459	26.394735	29.556458
KLLA0_F17435g	53	0.704927	7.909325	8.856751
KLLA0_C10439g	5	0.310606	3.485019	3.902475
KLLA0_E17469g	22	2.009208	22.543436	25.243828
KLLA0_D05082g	25	2.731183	30.644043	34.314770
KLLA0_E10033g	282	15.864239	177.997742	199.319397
KLLA0_F07183g	63	1.552478	17.418898	19.505440
KLLA0_C07953g	269	13.176754	147.843994	165.553650
KLLA0_C02805g	5	0.475584	5.336082	5.975270
KLLA0_F27027g	242	22.975792	257.789795	288.669434
KLLA0_B07557g	4	0.178674	2.004733	2.244872
KLLA0_B02266g	5	0.459707	5.157940	5.775790
KLLA0_E02047g	345	8.020520	89.990730	100.770363
KLLA0_B04422g	169	8.092278	90.795853	101.671928
KLLA0_A06666g	32	0.966726	10.846725	12.146012
KLLA0_B04972g	157	7.017590	78.737793	88.169487
KLLA0_E08625g	307	29.444445	330.368469	369.942017
KLLA0_B06798g	614	15.713353	176.304779	197.423645
KLLA0_E14741g	12	0.495614	5.560820	6.226928
KLLA0_D19933g	9	0.556382	6.242640	6.990422
KLLA0_F16709g	164	5.223058	58.603039	65.622856
KLLA0_A01364g	2	0.101712	1.141215	1.277917
KLLA0_F15708g	153	1.362265	15.284697	17.115591
KLLA0_F17655g	2668	76.733788	860.957764	964.088562
KLLA0_C13079g	241	30.497513	342.183990	383.172852
KLLA0_F10791g	26	0.806471	9.048654	10.132557
KLLA0_D05269g	90	3.398519	38.131592	42.699226
KLLA0_E11925g	53	0.721641	8.096857	9.066747
KLLA0_D18821g	67	7.367965	82.669022	92.571617
KLLA0_D03630g	143	7.723110	86.653778	97.033684
KLLA0_B02937g	372	54.979710	616.875732	690.768860
KLLA0_F09999g	366	9.657854	108.361717	121.341942
KLLA0_C17666g	379	8.139907	91.330261	102.270348
KLLA0_D20031g	1	0.013563	0.152178	0.170406
KLLA0_E10605g	21	1.227758	13.775521	15.425636
KLLA0_F23309g	5	0.206687	2.319041	2.596830
KLLA0_D07408r	2032	259.061249	2906.683105	3254.863281
KLLA0_C17963g	84	4.584415	51.437416	57.598904
KLLA0_E21473g	801	23.393471	262.476166	293.917175
KLLA0_A05071g	53	1.912017	21.452950	24.022713
KLLA0_F08998g	106	5.844734	65.578278	73.433640
KLLA0_E10077g	36	1.759095	19.737154	22.101391
KLLA0_C04532g	111	6.708483	75.269592	84.285843
KLLA0_E07459g	161	13.265372	148.838287	166.667053
KLLA0_E23475g	17	1.037851	11.644752	13.039631
KLLA0_B07205g	207	7.687134	86.250114	96.581680
KLLA0_E20681g	4	0.173333	1.944807	2.177768
KLLA0_D02354g	703	28.375298	318.372589	356.509186
KLLA0_B13717r	1	0.515444	5.783313	6.476073
KLLA0_B13145g	284	14.342106	160.919312	180.195206
ENSRNAG049935363	1	0.062500	0.701254	0.785254
KLLA0_C15433g	36	1.119753	12.563697	14.068654
KLLA0_E10385g	47	1.593266	17.876543	20.017904
KLLA0_E13135g	25	0.662939	7.438217	8.329211
KLLA0_C01584g	2	0.095382	1.070192	1.198386
KLLA0_E11133g	7	0.243673	2.734026	3.061524
KLLA0_E11551g	103	4.840259	54.308006	60.813347
KLLA0_E09263g	4397	464.258789	5209.012207	5832.979492
KLLA0_D18865g	101	5.126126	57.515446	64.404999
KLLA0_D03080r	1	0.205357	2.304118	2.580119
KLLA0_B11143g	74	2.177156	24.427826	27.353937
KLLA0_D05731g	161	12.799687	143.613281	160.816147
KLLA0_B08019g	91	4.892781	54.897301	61.473236
KLLA0_C12815g	38	5.614035	62.989819	70.535118
KLLA0_C05148g	17	1.057692	11.867370	13.288915
KLLA0_F06050g	18	1.375758	15.436090	17.285118
KLLA0_F07997g	213	3.230952	36.251480	40.593903
KLLA0_A05225g	50	1.505033	16.886562	18.909338
KLLA0_A07513g	313	25.031446	280.854370	314.496796
KLLA0_B10472g	400	34.102177	382.628510	428.462097
KLLA0_E19449g	270	18.244356	204.702805	229.223343
KLLA0_B01958g	451	8.592218	96.405220	107.953217
ENSRNAG049935339	0	0.0	0.0	0.0
KLLA0_F23089g	38	1.883234	21.130003	23.661081
KLLA0_C18238g	142	4.580013	51.388023	57.543598
KLLA0_F19888g	213	0.733523	8.230173	9.216033
ENSRNAG049935458	0	0.0	0.0	0.0
KLLA0_E01651g	416	4.552977	51.084682	57.203915
KLLA0_F10198g	17	3.518519	39.478001	44.206913
KLLA0_A00143g	1	0.151446	1.699233	1.902778
KLLA0_B07095g	0	0.0	0.0	0.0
KLLA0_C12331g	39	0.983409	11.033909	12.355618
ENSRNAG049935487	0	0.0	0.0	0.0
KLLA0_E20571g	176	15.859929	177.949387	199.265244
KLLA0_F02035g	3	0.235160	2.638510	2.954566
KLLA0_E02069g	26	1.346626	15.109227	16.919102
KLLA0_B09174g	137	14.708861	165.034332	184.803146
KLLA0_C18711g	36	11.006062	123.488686	138.280914
KLLA0_E12959g	110	3.209770	36.013817	40.327770
KLLA0_D15312g	88	19.017094	213.372955	238.932083
KLLA0_B02673g	143	5.464555	61.312645	68.657043
KLLA0_C17237g	39	7.886179	88.483414	99.082497
KLLA0_A06556g	48	2.028333	22.758020	25.484116
KLLA0_B07667g	388	3.290333	36.917740	41.339970
KLLA0_D13530g	331	4.538399	50.921120	57.020756
KLLA0_E17447g	23	1.790297	20.087244	22.493414
KLLA0_B13904g	265	9.830780	110.301956	123.514595
KLLA0_F16577g	1	0.097701	1.096211	1.227522
KLLA0_D09196g	42	2.383390	26.741781	29.945076
KLLA0_F14058g	196	4.993494	56.027309	62.738602
KLLA0_F24222g	117	2.395002	26.872068	30.090969
KLLA0_F16533g	68	5.150298	57.786663	64.708694
KLLA0_F10329g	3	0.168539	1.891018	2.117536
KLLA0_E18327g	39	3.119497	35.000950	39.193573
KLLA0_F05137g	79	15.752941	176.748978	197.921036
KLLA0_F25190g	121	3.678679	41.275005	46.219177
KLLA0_C17556g	4	0.083882	0.941161	1.053899
KLLA0_D01111g	121	6.511111	73.055061	81.806046
KLLA0_E18525g	1468	145.031006	1627.256836	1822.179565
KLLA0_B05181g	37	1.849850	20.755432	23.241642
KLLA0_A02101g	71	4.229682	47.457291	53.142014
KLLA0_D05247g	18	0.233122	2.615643	2.928961
KLLA0_E21957g	6	0.248923	2.792932	3.127486
KLLA0_A06237g	35	0.710074	7.967074	8.921418
KLLA0_C19338g	47	1.695035	19.018396	21.296535
KLLA0_E00463g	14	1.557870	17.479399	19.573185
KLLA0_D02112g	28	2.580524	28.953638	32.421883
KLLA0_F22836g	40	2.226310	24.979334	27.971512
ENSRNAG049935450	0	0.0	0.0	0.0
KLLA0_B02442g	127	4.380081	49.144779	55.031639
KLLA0_E23893g	33	2.039360	22.881744	25.622660
KLLA0_E04027g	243	25.922432	290.851257	325.691223
KLLA0_E19537g	370	14.011905	157.214432	176.046539
KLLA0_E01431g	120	9.281345	104.137268	116.611458
KLLA0_C02915g	243	3.178617	35.664280	39.936363
KLLA0_F26180g	34	1.173497	13.166708	14.743897
KLLA0_D03927g	17	1.372742	15.402250	17.247225
KLLA0_B04312g	149	9.100719	102.110626	114.342056
KLLA0_E11661g	1334	273.068268	3063.842773	3430.848389
KLLA0_F02123g	605	15.137458	169.843216	190.188065
KLLA0_B11968g	2	0.077922	0.874290	0.979017
KLLA0_B01760g	31	0.852279	9.562623	10.708092
KLLA0_F23672g	8	1.043011	11.702647	13.104461
KLLA0_F09757g	47	3.140705	35.238903	39.460033
KLLA0_E04863g	207	10.230321	114.784836	128.534454
KLLA0_C05764g	3884	56.238503	630.999451	706.584412
KLLA0_D10197g	113	2.231817	25.041124	28.040703
KLLA0_D08910g	0	0.0	0.0	0.0
KLLA0_E16941g	932	86.557381	971.179199	1087.512939
KLLA0_C08701g	333	18.512568	207.712158	232.593170
ENSRNAG049935465	1	0.204167	2.290766	2.565168
KLLA0_E07789g	1544	52.282013	586.607361	656.874817
KLLA0_F06028g	112	3.730845	41.860310	46.874592
KLLA0_D03234g	13	1.783198	20.007591	22.404222
KLLA0_A05775g	247	9.417229	105.661880	118.318710
KLLA0_C00693g	101	5.262346	59.043842	66.116478
KLLA0_D03564r	0	0.0	0.0	0.0
KLLA0_E05875g	5	0.648000	7.270600	8.141517
KLLA0_C06072g	47	3.104987	34.838142	39.011269
KLLA0_D15180g	168	1.194118	13.398078	15.002980
KLLA0_B02519g	22	1.004566	11.271292	12.621435
KLLA0_A06578g	12	0.842713	9.455292	10.587904
KLLA0_B11165g	29	1.944444	21.816780	24.430128
KLLA0_A03487g	166	10.170290	114.111282	127.780220
KLLA0_D18843g	521	24.853933	278.862671	312.266541
KLLA0_D10934g	65	2.900088	32.539165	36.436905
KLLA0_C00825g	73	9.585938	107.554817	120.438385
KLLA0_C03410g	90	1.121479	12.583064	14.090340
KLLA0_C03806g	312	6.484700	72.758736	81.474220
KLLA0_D11440g	530	30.227070	339.149567	379.774994
KLLA0_D15675r	0	0.000000	0.000000	0.000000
ENSRNAG049935518	0	0.000000	0.000000	0.000000
KLLA0_E04599g	7	0.912698	10.240527	11.467200
KLLA0_B02464g	185	9.856394	110.589348	123.836411
KLLA0_E16567g	1168	121.801636	1366.621826	1530.324097
ENSRNAG049935466	1	0.136558	1.532189	1.715724
KLLA0_E23959g	55	2.347716	26.341518	29.496864
KLLA0_E15885g	147	7.330392	82.247452	92.099548
KLLA0_D01793g	43	0.775745	8.703906	9.746513
KLLA0_D19492g	168	5.732394	64.317810	72.022194
KLLA0_C06446g	25	1.530909	17.176893	19.234446
KLLA0_F02079g	51	9.084210	101.925400	114.134636
KLLA0_D03795g	133	9.577304	107.457939	120.329903
KLLA0_C05742g	120	9.725677	109.122688	122.194077
KLLA0_B11121g	441	31.469187	353.086212	395.381012
KLLA0_F11506g	40	1.515356	17.002386	19.039038
KLLA0_E06205g	2804	449.666656	5045.287598	5649.642578
KLLA0_E05017g	44	2.430786	27.273567	30.540562
KLLA0_F16445g	58	3.738186	41.942677	46.966827
KLLA0_F24772g	456	20.536692	230.422928	258.024414
KLLA0_B13255g	35	0.980523	11.001529	12.319359
ENSRNAG049935510	2	0.545872	6.124717	6.858373
KLLA0_B11253g	46	1.640481	18.406298	20.611116
KLLA0_C05104g	233	18.728279	210.132462	235.303391
KLLA0_A09317g	16	0.413846	4.643377	5.199590
KLLA0_D17732g	0	0.000000	0.000000	0.000000
KLLA0_A09515g	183	4.820394	54.085117	60.563763
KLLA0_C05258g	320	4.002950	44.913345	50.293343
KLLA0_F10857g	28	2.199362	24.676977	27.632935
KLLA0_E06557g	173	2.613440	29.322958	32.835442
KLLA0_A04103g	185	3.981340	44.670879	50.021828
KLLA0_B10010g	0	0.000000	0.000000	0.000000
KLLA0_F08503g	16	1.118234	12.546654	14.049569
KLLA0_C16269g	57	1.993127	22.363008	25.041784
KLLA0_A03663g	51	1.048485	11.764067	13.173239
KLLA0_B04180g	28	0.862346	9.675575	10.834575
KLLA0_D11594g	2437	188.290909	2112.635498	2365.699951
KLLA0_F26312g	269	15.120309	169.650803	189.972595
KLLA0_F10483g	46	8.112281	91.020294	101.923256
KLLA0_C16731g	137	4.851079	54.429405	60.949291
KLLA0_D16148g	36	2.278607	25.566109	28.628574
KLLA0_B01155g	52	1.551991	17.413435	19.499321
KLLA0_C06358g	20	1.115556	12.516606	14.015923
KLLA0_E15907g	121	8.018301	89.965828	100.742485
KLLA0_F12672g	164	13.077044	146.725235	164.300873
KLLA0_E16215g	2	0.067613	0.758622	0.849494
KLLA0_F15059r	1	0.365777	4.104040	4.595647
KLLA0_F19866g	6	0.250450	2.810064	3.146671
KLLA0_C17578g	158	1.752512	19.663292	22.018681
KLLA0_A02761g	17	0.490899	5.507917	6.167689
KLLA0_F25212g	42	1.069697	12.002067	13.439747
KLLA0_E02861g	303	46.724243	524.248901	587.046631
KLLA0_E12893g	138	6.072727	68.136368	76.298157
KLLA0_C13816g	382	34.480495	386.873291	433.215332
KLLA0_D13024g	25	0.571562	6.412961	7.181144
ENSRNAG049935404	3	1.678571	18.833670	21.089682
KLLA0_E22287g	483	14.351430	161.023926	180.312347
KLLA0_F26422g	120	6.689434	75.055862	84.046509
KLLA0_D17006g	158	7.963403	89.349876	100.052742
KLLA0_D10736g	748	44.405594	498.233490	557.914917
KLLA0_B03740g	332	21.425856	240.399429	269.195923
KLLA0_B13948g	298	2.066095	23.181715	25.958561
KLLA0_E13641g	10	0.415825	4.665582	5.224454
KLLA0_C13123g	12	0.582555	6.536303	7.319261
KLLA0_A01342g	386	8.374254	93.959648	105.214706
KLLA0_E22595g	427	10.702117	120.078407	134.462128
KLLA0_A04411g	216	12.890845	144.636078	161.961456
KLLA0_D19701g	217	12.354587	138.619217	155.223877
KLLA0_E22397g	350	20.268484	227.413651	254.654633
KLLA0_A09977g	381	12.055348	135.261749	151.464218
KLLA0_A09427g	186	3.108696	34.879761	39.057869
KLLA0_F08261g	7	0.641905	7.202214	8.064939
KLLA0_B11495g	16	0.668359	7.499029	8.397308
KLLA0_F11913g	229	15.312336	171.805359	192.385239
KLLA0_D18029g	181	12.526530	140.548447	157.384186
KLLA0_C11385g	1638	52.137951	584.991028	655.064819
KLLA0_D08646g	44	2.577236	28.916746	32.380569
KLLA0_E17931g	50	5.222222	58.593651	65.612358
KLLA0_F15829g	5	0.114555	1.285314	1.439277
KLLA0_E22023g	314	49.847351	559.290344	626.285583
KLLA0_B13090g	19	0.305936	3.432621	3.843801
ENSRNAG049935312	1	0.270928	3.039829	3.403958
KLLA0_D16830g	83	1.681473	18.866230	21.126143
KLLA0_C11077g	169	8.481262	95.160286	106.559158
KLLA0_E05985g	97	5.521396	61.950405	69.371201
KLLA0_C17688g	14	0.476871	5.350522	5.991440
KLLA0_F03036g	21	1.103632	12.382819	13.866108
KLLA0_C11605g	12	0.777354	8.721959	9.766729
KLLA0_C04191g	23	0.478279	5.366320	6.009130
KLLA0_F00880g	39	1.490015	16.718060	18.720652
KLLA0_F10967g	0	0.000000	0.000000	0.000000
KLLA0_F24156g	229	4.131421	46.354801	51.907459
KLLA0_B06039g	826	23.797174	267.005768	298.989319
KLLA0_A10637g	4	0.407407	4.571131	5.118690
ENSRNAG049935370	0	0.0	0.0	0.0
KLLA0_D19162g	135	7.908046	88.728760	99.357231
KLLA0_F17479g	716	10.913005	122.444580	137.111740
KLLA0_B02398g	16	0.626732	7.031971	7.874304
KLLA0_F01903g	329	9.653425	108.312027	121.286293
KLLA0_F09361g	24	1.354949	15.202611	17.023672
KLLA0_A03553g	4	0.724638	8.130484	9.104402
KLLA0_C16247g	114	4.091489	45.906757	51.405746
KLLA0_E06667g	5	0.131148	1.471489	1.647753
KLLA0_A09295g	643	48.096916	539.650330	604.292969
KLLA0_D11022g	98	4.613426	51.762924	57.963402
KLLA0_F03905g	30	2.873823	32.244473	36.106911
KLLA0_D09152g	2215	72.666023	815.317261	912.980896
KLLA0_E12475g	9	0.150206	1.685321	1.887199
KLLA0_B05038g	3	0.178571	2.003578	2.243578
KLLA0_A10263g	1152	76.470055	857.998657	960.775024
KLLA0_B02288g	199	5.291602	59.372101	66.484055
KLLA0_D12342g	662	29.198269	327.606384	366.849060
KLLA0_A06688g	91	1.650964	18.523918	20.742825
KLLA0_C11033g	1055	20.840309	233.829544	261.839081
KLLA0_B12034g	144	20.358334	228.421768	255.783508
KLLA0_E02729g	13	0.232456	2.608171	2.920593
KLLA0_C13035g	307	9.951562	111.657135	125.032112
KLLA0_C18073r	0	0.0	0.0	0.0
ENSRNAG049935378	3	1.329787	14.920292	16.707535
KLLA0_D08239g	27	1.175664	13.191023	14.771123
KLLA0_C03916g	170	6.127221	68.747803	76.982826
KLLA0_B14333r	3	1.081301	12.132264	13.585540
KLLA0_C00330g	107	16.281281	182.676971	204.559128
KLLA0_C10593g	4	0.224518	2.519106	2.820860
KLLA0_F08613g	33	1.071615	12.023586	13.463844
KLLA0_E02993g	672	13.541321	151.934448	170.134094
KLLA0_D09372r	0	0.0	0.0	0.0
KLLA0_A11176g	421	9.936573	111.488968	124.843788
KLLA0_D11946g	63	1.174899	13.182439	14.761512
KLLA0_A09933g	73	6.198653	69.549271	77.880302
KLLA0_F17094g	16	0.512322	5.748284	6.436849
KLLA0_F01386g	53	1.221617	13.706618	15.348480
KLLA0_A10615r	0	0.0	0.0	0.0
KLLA0_E06095g	7	0.284879	3.196360	3.579239
KLLA0_A00110g	1	0.013563	0.152178	0.170406
KLLA0_F09273g	16	0.786200	8.821213	9.877871
KLLA0_F09185g	538	20.493273	229.935791	257.478882
KLLA0_F27599g	242	7.862970	88.223007	98.790894
KLLA0_F12716r	2	1.002534	11.248493	12.595907
KLLA0_F21758g	176	1.894681	21.258436	23.804903
KLLA0_E13179g	3	0.078040	0.875614	0.980500
KLLA0_D14641g	428	34.775120	390.178955	436.916992
KLLA0_B11792g	276	24.937943	279.805267	313.322021
KLLA0_F24596g	4	0.349020	3.916026	4.385111
KLLA0_B07777g	4	0.189504	2.126246	2.380941
KLLA0_D09757g	7	0.180077	2.020475	2.262500
KLLA0_C14696g	93	1.654762	18.566532	20.790543
KLLA0_A06974g	64	3.658784	41.051781	45.969215
ENSRNAG049935477	1	0.236111	2.649180	2.966515
KLLA0_A06424g	1002	17.667702	198.232697	221.978226
KLLA0_A04620g	1	0.179487	2.013855	2.255087
KLLA0_E06381g	184	5.876101	65.930214	73.827736
KLLA0_B14597g	2	0.296296	3.324459	3.722683
KLLA0_C14993g	284	15.037500	168.721680	188.932190
KLLA0_F03927g	31	1.500963	16.840897	18.858202
KLLA0_C01276g	234	10.631016	119.280647	133.568817
KLLA0_E16457g	40	6.927835	77.730736	87.041794
KLLA0_B13431g	1123	194.738098	2184.973389	2446.702881
KLLA0_D19899g	253	2.853404	32.015369	35.850365
KLLA0_F05247g	117	16.330578	183.230087	205.178497
KLLA0_A08085r	0	0.0	0.0	0.0
KLLA0_F08921g	1	0.036170	0.405830	0.454442
KLLA0_E21715g	50	1.172285	13.153110	14.728669
KLLA0_C07084g	18	0.649477	7.287172	8.160073
KLLA0_B08778g	5	0.613889	6.887872	7.712944
KLLA0_E17051g	72	2.963325	33.248688	37.231419
KLLA0_E05391g	76	2.075027	23.281931	26.070782
KLLA0_A01320g	153	4.437037	49.783829	55.747238
KLLA0_F07689g	374	10.400982	116.699661	130.678650
KLLA0_E24443g	6	0.459716	5.158042	5.775903
KLLA0_E06601g	63	5.837937	65.502007	73.348244
KLLA0_D05137g	114	3.225951	36.195370	40.531071
KLLA0_E22155g	1	0.034738	0.389762	0.436451
KLLA0_D10329g	45	4.855914	54.483654	61.010036
KLLA0_E05281g	441	4.267844	47.885475	53.621487
KLLA0_A09405g	0	0.0	0.0	0.0
KLLA0_B10714g	17	1.707819	19.161835	21.457155
KLLA0_B13651g	148	5.381362	60.379215	67.611801
KLLA0_E02685g	397	11.815789	132.573883	148.454391
KLLA0_C08393g	300	4.430519	49.710701	55.665344
KLLA0_D14058g	17	0.552021	6.193710	6.935630
KLLA0_D07326g	8	0.553279	6.207824	6.951436
KLLA0_F27159g	119	3.496823	39.234570	43.934326
KLLA0_F15312g	97	16.058823	180.180984	201.764160
ENSRNAG049935462	1	0.047945	0.537946	0.602384
KLLA0_C08283g	15	0.483974	5.430218	6.080683
KLLA0_D17490r	1	0.321759	3.610156	4.042602
KLLA0_E11771g	118	1.211846	13.596987	15.225717
KLLA0_F13530g	30	1.333333	14.960078	16.752087
KLLA0_E20109g	48	6.836158	76.702110	85.889961
KLLA0_B12419g	168	5.686000	63.797264	71.439293
KLLA0_A07843g	24	1.271565	14.267036	15.976030
KLLA0_F22924g	439	38.057823	427.011139	478.161102
KLLA0_E16611g	125	5.165040	57.952068	64.893921
KLLA0_B06710g	54	4.333333	48.620262	54.444294
KLLA0_A10923g	43	1.073025	12.039406	13.481560
KLLA0_E14499g	66	2.027422	22.747799	25.472670
KLLA0_F11275g	1	0.009499	0.106579	0.119346
KLLA0_F22088g	75	2.254621	25.296986	28.327213
KLLA0_C17424g	3	0.058621	0.657731	0.736518
KLLA0_E11639g	23	0.958949	10.759467	12.048301
KLLA0_A11935g	25	0.368484	4.134413	4.629658
KLLA0_A10549g	30	1.415254	15.879237	17.781349
KLLA0_C09350r	1	0.047954	0.538047	0.602497
KLLA0_E14147g	895	48.750000	546.977966	612.498352
KLLA0_D12320g	107	7.203187	80.820206	90.501335
KLLA0_A03223g	75	1.870206	20.983826	23.497396
KLLA0_B07733g	21	0.798306	8.957043	10.029971
KLLA0_C11627g	15	0.319719	3.587267	4.016972
KLLA0_D19767g	161	2.858238	32.069607	35.911098
KLLA0_E11243g	1264	66.076920	741.387085	830.194946
KLLA0_F05731g	363	41.360180	464.063751	519.652161
KLLA0_E02575g	3	0.522634	5.863986	6.566410
KLLA0_B10373g	3	0.088028	0.987680	1.105990
KLLA0_D07370g	98	2.771667	31.098274	34.823414
KLLA0_B09350g	103	4.096799	45.966335	51.472466
KLLA0_F15972g	170	6.281046	70.473724	78.915497
KLLA0_E12607g	8	0.272926	3.062247	3.429061
KLLA0_B00935g	466	37.129890	416.599670	466.502502
KLLA0_F26829g	61	4.975962	55.830601	62.518330
KLLA0_F18810g	997	53.926750	605.061462	677.539429
KLLA0_E02377g	193	2.686869	30.146835	33.758007
KLLA0_F18865g	198	14.178621	159.085007	178.141174
KLLA0_C05720g	1	0.078947	0.885790	0.991896
KLLA0_D17600g	0	0.000000	0.000000	0.000000
KLLA0_E04159g	162	3.325675	37.314278	41.784008
KLLA0_A06776g	23	0.468997	5.262175	5.892510
KLLA0_D08998g	59	1.614970	18.120062	20.290594
KLLA0_D15697g	495	56.460850	633.494202	709.377991
KLLA0_E12585g	191	2.493723	27.979725	31.331306
KLLA0_C10461g	17	0.430870	4.834388	5.413480
KLLA0_D06677g	10	0.187011	2.098275	2.349619
KLLA0_F16104g	146	3.410115	38.261700	42.844921
KLLA0_C17314g	40	0.853401	9.575212	10.722189
KLLA0_E01145g	791	27.925156	313.321960	350.853577
KLLA0_E24707g	54	4.383253	49.180370	55.071491
KLLA0_D17380g	545	21.367205	239.741348	268.459015
KLLA0_C08107g	5	0.144874	1.625495	1.820207
KLLA0_F16258g	1221	31.917437	358.115601	401.012848
KLLA0_F25674g	209	4.672383	52.424423	58.704140
KLLA0_F05269g	114	2.009395	22.545534	25.246176
KLLA0_A04257r	0	0.0	0.0	0.0
KLLA0_C03762g	6	0.309446	3.472003	3.887901
KLLA0_B13794g	76	1.377802	15.459023	17.310799
KLLA0_D09999g	166	5.608234	62.924732	70.462234
KLLA0_F20031g	6252	850.143982	9538.667969	10681.267578
KLLA0_A03960g	164	9.557471	107.235413	120.080719
KLLA0_B08393r	1	0.228221	2.560654	2.867384
KLLA0_E12387g	633	116.789856	1310.389404	1467.355835
KLLA0_D16709g	0	0.0	0.0	0.0
KLLA0_F23177r	0	0.0	0.0	0.0
KLLA0_F20163g	102	2.807900	31.504810	35.278648
ENSRNAG049935434	42	12.604791	141.426529	158.367462
KLLA0_A09691g	81	1.979856	22.214106	24.875048
KLLA0_B01397g	125	3.696917	41.479637	46.448318
KLLA0_A04774g	91	7.806397	87.588257	98.080109
KLLA0_A04037g	2	0.056106	0.629513	0.704920
KLLA0_F19734g	3883	58.205471	653.068970	731.297546
KLLA0_A05643g	56	4.316591	48.432411	54.233948
KLLA0_F17589g	39	3.627561	40.701462	45.576927
KLLA0_D06633g	612	10.156901	113.961060	127.612000
KLLA0_E08713g	23	0.646008	7.248250	8.116488
KLLA0_C01738g	26	2.202020	24.706799	27.666330
KLLA0_B01287g	25	0.741129	8.315513	9.311596
KLLA0_E16501g	329	19.201603	215.443176	241.250244
ENSRNAG049935316	0	0.000000	0.000000	0.000000
KLLA0_F08855g	27	1.258945	14.125441	15.817472
KLLA0_C17776g	123	2.667522	29.929762	33.514931
KLLA0_E14169g	75	8.121795	91.127037	102.042786
KLLA0_E02333g	84	2.936937	32.952618	36.899879
KLLA0_D00638g	47	0.802456	9.003606	10.082112
KLLA0_D17248g	38	0.946078	10.615053	11.886589
KLLA0_C18117g	109	24.693333	277.060699	310.248718
KLLA0_E06227g	1	0.040000	0.448802	0.502563
KLLA0_D11154g	176	6.039136	67.759476	75.876122
KLLA0_F12364g	35	2.006780	22.516193	25.213320
KLLA0_C08866g	16	0.395866	4.441641	4.973688
KLLA0_F25828g	21	0.560897	6.293299	7.047149
KLLA0_F07579g	108	1.766184	19.816692	22.190456
KLLA0_C07304g	7	0.214461	2.406265	2.694503
KLLA0_B03025g	30	2.141631	24.029230	26.907598
KLLA0_F17138g	567	27.209042	305.287140	341.856262
KLLA0_C12749g	188	5.737537	64.375519	72.086807
KLLA0_D02816g	134	6.254362	70.174332	78.580231
KLLA0_A11704g	2565	379.069580	4253.184082	4762.656250
KLLA0_C04213g	160	6.859072	76.959213	86.177849
KLLA0_B04708g	710	8.084060	90.703644	101.568680
KLLA0_B01023g	84	5.061466	56.789963	63.592606
KLLA0_C01892g	21	0.517794	5.809681	6.505599
KLLA0_B08954g	12	1.284501	14.412180	16.138559
KLLA0_C01474g	401	16.709255	187.478867	209.936234
KLLA0_B00979g	43	2.081633	23.356052	26.153782
KLLA0_F14641g	90	3.536604	39.680912	44.434135
KLLA0_B00429g	35	1.218320	13.669625	15.307056
KLLA0_C18359g	231	5.619866	63.055244	70.608383
KLLA0_C08888g	291	2.780406	31.196327	34.933212
KLLA0_B10098g	6	0.617886	6.932719	7.763162
ENSRNAG049935315	1	0.083333	0.935001	1.047002
KLLA0_A05500g	26	3.201946	35.926033	40.229469
KLLA0_C09889g	29	2.511344	28.177433	31.552698
KLLA0_A07865g	22	0.605042	6.788609	7.601789
KLLA0_C01045g	213	25.678488	288.114227	322.626282
KLLA0_E18305g	64	3.027855	33.972717	38.042179
KLLA0_D01386g	13	0.443537	4.976512	5.572629
KLLA0_B12826g	26	1.346875	15.112020	16.922230
KLLA0_E23607g	26	1.818565	20.404411	22.848576
KLLA0_D17094g	19	1.066218	11.963032	13.396036
KLLA0_C14432g	3055	91.416077	1025.693970	1148.557861
KLLA0_E06733g	114	2.490298	27.941298	31.288275
KLLA0_F12342g	591	24.141825	270.872742	303.319550
KLLA0_C04059g	262	6.640298	74.504555	83.429161
ENSRNAG049935380	0	0.0	0.0	0.0
KLLA0_A02167g	70	4.736279	53.141342	59.506935
KLLA0_C07887g	14	0.262177	2.941642	3.294010
KLLA0_E23387g	65	1.406556	15.781646	17.672066
KLLA0_C16137g	38	2.333333	26.180140	29.316156
KLLA0_A11572g	52	2.238218	25.112944	28.121124
KLLA0_F11341g	6	0.188462	2.114555	2.367850
KLLA0_E15643r	1	0.047945	0.537946	0.602384
KLLA0_A07821g	372	19.152525	214.892517	240.633621
KLLA0_E04005g	159	19.502415	218.818283	245.029663
KLLA0_B06061g	89	7.299187	81.897331	91.707489
KLLA0_D07744g	3	0.073549	0.825224	0.924075
KLLA0_E23585g	79	13.104575	147.034149	164.646774
KLLA0_B03289g	22	6.103825	68.485291	76.688873
KLLA0_D01903g	202	15.095448	169.371857	189.660248
KLLA0_C17886r	3	1.472218	16.518377	18.497047
KLLA0_E21583g	155	6.650633	74.620506	83.559013
KLLA0_D03905g	16	1.558185	17.482931	19.577143
ENSRNAG049935309	1	0.558140	6.262365	7.012509
KLLA0_D04686g	5	0.702479	7.881857	8.825994
KLLA0_F11022g	121	2.296588	25.767859	28.854490
KLLA0_C09218g	4474	437.107269	4904.370605	5491.845703
KLLA0_B02420g	113	3.789683	42.520477	47.613838
KLLA0_E24465g	177	4.638803	52.047653	58.282238
KLLA0_F19162g	10	0.312539	3.506707	3.926761
KLLA0_F09339g	34	3.981221	44.669544	50.020336
KLLA0_E19823g	2	0.314607	3.529910	3.952744
KLLA0_F01232g	173	13.898894	155.946457	174.626663
KLLA0_D00880g	9	2.083333	23.375124	26.175138
KLLA0_E16787g	29	1.813982	20.352989	22.790995
KLLA0_A02013g	638	28.959002	324.921783	363.842896
KLLA0_B05973g	2	0.110390	1.238583	1.386948
ENSRNAG049935388	2	0.707317	7.936140	8.886780
KLLA0_B05423g	302	32.238991	361.723480	405.052887
KLLA0_E20395g	65	4.342593	48.724163	54.560638
KLLA0_B03608g	57	1.245316	13.972522	15.646235
KLLA0_A04609g	123	4.899372	54.971256	61.556046
KLLA0_E03983g	9	0.793403	8.902031	9.968369
KLLA0_E14257g	13	1.035256	11.615636	13.007028
KLLA0_A08514r	1	0.432069	4.847841	5.428545
KLLA0_E20285g	272	18.466667	207.197128	232.016479
KLLA0_F26697g	23	0.339523	3.809469	4.265790
KLLA0_C14069g	113	1.080969	12.128538	13.581368
KLLA0_D03036g	197	9.045167	101.487335	113.644096
KLLA0_B07601g	3	0.259542	2.912077	3.260903
ENSRNAG049935357	1	0.092846	1.041738	1.166524
KLLA0_E06777g	370	25.158667	282.281799	316.095215
KLLA0_D08261g	26	1.430000	16.044687	17.966618
KLLA0_E24421g	6	0.234869	2.635245	2.950910
KLLA0_B12980g	3312	193.459335	2170.625732	2430.636230
KLLA0_E15797g	54	1.693508	19.001265	21.277351
KLLA0_E07569g	8941	419.844391	4710.679688	5274.953613
KLLA0_A01309g	41	3.717117	41.706284	46.702114
KLLA0_C07491g	46	0.939759	10.544154	11.807197
KLLA0_D15829g	30	4.151515	46.580254	52.159920
KLLA0_E14015g	132	6.400191	71.810539	80.412437
KLLA0_F06754g	643	31.683092	355.486237	398.068542
KLLA0_C17226g	2	0.078431	0.880001	0.985412
KLLA0_F25960g	162	8.115045	91.051300	101.957977
KLLA0_C15125g	5	0.110951	1.244877	1.393996
KLLA0_C15587g	8	0.729730	8.187615	9.168378
KLLA0_E17755g	150	3.974961	44.599308	49.941685
KLLA0_E21011g	1	0.072670	0.815362	0.913031
KLLA0_F07337g	43	5.583979	62.652588	70.157494
KLLA0_F27390g	110	22.449799	251.888123	282.060791
KLLA0_F24552g	3251	144.290680	1618.950317	1812.877930
KLLA0_E20747g	120	4.398128	49.347267	55.258381
KLLA0_C03498g	262	13.306388	149.298492	167.182373
KLLA0_C02211g	103	3.083480	34.596832	38.741055
KLLA0_A04389g	33	2.509804	28.160156	31.533350
KLLA0_C14652g	48	1.464591	16.432800	18.401222
KLLA0_F17006g	1708	69.778046	782.914001	876.696167
KLLA0_E10627g	44	2.312435	25.945663	29.053593
KLLA0_C15719g	26	1.363924	15.303311	17.136435
KLLA0_A05621g	766	3.202492	35.932156	40.236328
KLLA0_F13024g	37	5.226891	58.646042	65.671021
KLLA0_F18546g	680	30.741135	344.917419	386.233734
KLLA0_F22066g	724	3.267641	36.663136	41.054867
KLLA0_E01255g	37	2.929825	32.872818	36.810524
KLLA0_B07227g	112	3.040794	34.117893	38.204746
KLLA0_A06193g	21	0.779803	8.749437	9.797499
KLLA0_A07403g	31	0.594697	6.672537	7.471814
KLLA0_D12672g	918	18.015781	202.138168	226.351517
ENSRNAG049935413	7	1.820513	20.426268	22.873051
KLLA0_F25850g	377	47.798508	536.302246	600.543762
KLLA0_B06644g	73	4.545343	50.999027	57.108002
KLLA0_F16148g	71	2.797508	31.388214	35.148083
KLLA0_C12991g	109	2.796576	31.377754	35.136372
KLLA0_D10483g	13	0.175812	1.972621	2.208914
KLLA0_B08756g	114	8.993798	100.910973	112.998695
KLLA0_F23529g	24	0.666120	7.473907	8.369178
KLLA0_B02310g	9	0.250142	2.806609	3.142802
KLLA0_F11847r	1	0.135135	1.516223	1.697845
KLLA0_D08503g	14	0.611562	6.861763	7.683707
KLLA0_A05665g	2	0.037421	0.419866	0.470160
KLLA0_A02497g	9	0.390266	4.378809	4.903329
KLLA0_C04818g	1525	65.937233	739.819824	828.439941
KLLA0_A00198g	1110	58.039997	651.212341	729.218506
KLLA0_C17270g	17	0.645688	7.244659	8.112469
KLLA0_E22441g	33	3.461698	38.840466	43.493011
KLLA0_A09845g	101	3.646099	40.909458	45.809837
KLLA0_A01089g	55	3.955840	44.384769	49.701447
KLLA0_C03894g	8	0.275910	3.095727	3.466552
KLLA0_E01123r	0	0.000000	0.000000	0.000000
KLLA0_D14883g	8	0.263533	2.956856	3.311047
KLLA0_F22220g	14	0.518355	5.815975	6.512648
KLLA0_E24311g	49	5.207547	58.429001	65.427979
KLLA0_F19492g	109	4.053716	45.482944	50.931171
KLLA0_F01793g	14	0.943320	10.584108	11.851937
KLLA0_E18085g	843	20.994066	235.554718	263.770874
KLLA0_D09460g	114	5.857724	65.724030	73.596848
KLLA0_A11748g	2	0.059524	0.667863	0.747864
KLLA0_D11506g	31	1.964912	22.046434	24.687290
KLLA0_E13883g	3	0.034529	0.387417	0.433825
KLLA0_A01672g	27	1.316042	14.766072	16.534842
KLLA0_C14047g	55	2.438874	27.364317	30.642181
KLLA0_E09549g	5	0.272923	3.062213	3.429023
KLLA0_A08294r	1	0.118055	1.324584	1.483251
KLLA0_F03795g	31	1.686275	18.920109	21.186476
KLLA0_C07348g	36	0.929925	10.433816	11.683641
KLLA0_E11221g	561	57.107784	640.752869	717.506104
KLLA0_D17204g	753	66.271156	743.566467	832.635376
KLLA0_B12870g	8	0.645631	7.244020	8.111753
KLLA0_E09923g	34	1.076972	12.083693	13.531150
KLLA0_F11440g	32	2.407738	27.014967	30.250986
KLLA0_C04345g	9	0.299020	3.355023	3.756908
KLLA0_F15180g	18	0.570794	6.404344	7.171495
KLLA0_C05060g	45	3.337758	37.449848	41.935822
KLLA0_E08075g	480	30.979721	347.594391	389.231354
KLLA0_F27005g	124	3.878395	43.515831	48.728420
KLLA0_E20769g	7	0.093058	1.044116	1.169187
KLLA0_F10934g	94	4.553964	51.095757	57.216316
ENSRNAG049935311	3	1.232323	13.826741	15.482991
KLLA0_B10582g	441	2.847782	31.952288	35.779728
KLLA0_A11979g	4	0.167091	1.874771	2.099343
KLLA0_D14223r	0	0.000000	0.000000	0.000000
KLLA0_F24662g	70	2.215317	24.855993	27.833395
KLLA0_A11682g	86	3.594706	40.332825	45.164135
KLLA0_A02739g	55	4.506536	50.563610	56.620430
KLLA0_E03873g	6	0.441931	4.958493	5.552452
KLLA0_D17562r	11084	330.170990	3704.538818	4148.291016
KLLA0_E02839g	15	0.845614	9.487842	10.624352
KLLA0_F03234g	1	0.091270	1.024055	1.146723
KLLA0_D05929g	267	11.044716	123.922386	138.766571
KLLA0_B14751g	277	7.559313	84.815956	94.975731
KLLA0_F14322g	5	0.095172	1.067836	1.195747
KLLA0_B02849g	102	1.730718	19.418764	21.744860
KLLA0_D19953g	20	0.712922	7.999029	8.957201
KLLA0_E11265g	13362	197.691620	2218.112061	2483.811035
KLLA0_F20229g	629	30.440647	341.545929	382.458405
KLLA0_E07547g	51	1.960919	22.001633	24.637121
KLLA0_C02827g	6	0.264368	2.966225	3.321538
KLLA0_D04576g	85	4.250992	47.696392	53.409756
ENSRNAG049935320	1	0.228310	2.561652	2.868503
KLLA0_D13684g	160	12.037036	135.056290	151.234146
KLLA0_F26158g	4	0.162850	1.827187	2.046059
KLLA0_C08591g	68	2.126076	23.854704	26.712166
KLLA0_D19723g	213	4.391586	49.273865	55.176189
KLLA0_B13475g	166	5.523248	61.971184	69.394470
KLLA0_A03267g	14	0.917344	10.292656	11.525573
KLLA0_C13101g	146	3.481429	39.061848	43.740913
KLLA0_E00749g	11	0.451964	5.071064	5.678507
KLLA0_B11473g	33	1.899435	21.311777	23.864632
ENSRNAG049935500	0	0.0	0.0	0.0
KLLA0_C08063g	1471	152.469513	1710.717407	1915.637573
KLLA0_C18953g	184	4.419981	49.592457	55.532944
KLLA0_C11891g	34	0.914239	10.257817	11.486562
KLLA0_C05478g	27	3.330882	37.372704	41.849430
KLLA0_C18656g	11	0.780204	8.753937	9.802537
KLLA0_B00803g	164	4.814815	54.022522	60.493668
KLLA0_D12386g	139	11.128932	124.867310	139.824661
KLLA0_D13332g	160	6.721947	75.420662	84.455002
KLLA0_B01826g	1070	22.610697	253.693405	284.082336
KLLA0_D04224g	277	7.321373	82.146255	91.986237
KLLA0_E22573g	257	20.380060	228.665527	256.056488
KLLA0_F10637g	49	9.627907	108.025711	120.965683
KLLA0_D15565g	4	0.148329	1.664261	1.863616
KLLA0_A10967g	234	22.382298	251.130753	281.212738
KLLA0_A03784r	0	0.000000	0.000000	0.000000
KLLA0_E10099g	5	0.307692	3.452323	3.865863
KLLA0_F01342g	258	9.297163	104.314743	116.810196
KLLA0_F04411g	6	0.258427	2.899567	3.246895
ENSRNAG049935336	0	0.0	0.0	0.0
KLLA0_F14949g	184	6.740101	75.624344	84.683090
KLLA0_B00671g	29	2.210606	24.803137	27.774206
KLLA0_D03674g	99	3.700441	41.519173	46.492596
KLLA0_D16005g	108	1.562767	17.534342	19.634712
KLLA0_E22001g	257	21.780001	244.372955	273.645416
KLLA0_F19712g	442	4.758497	53.390633	59.786083
KLLA0_D12606g	466	13.320427	149.456009	167.358765
KLLA0_A11616g	63	4.962617	55.680866	62.350662
KLLA0_E17271g	462	10.395144	116.634155	130.605301
KLLA0_D01309g	27	0.595973	6.686854	7.487846
KLLA0_C08415g	5573	294.217377	3301.137207	3696.567383
ENSRNAG049935414	1	0.210744	2.364561	2.647802
KLLA0_E21143g	564	16.717278	187.568878	210.037033
KLLA0_A11913g	15	1.812950	20.341412	22.778028
KLLA0_B06952g	322	6.099442	68.436119	76.633812
KLLA0_F09427g	774	23.981752	269.076752	301.308380
KLLA0_D15521g	417	27.534370	308.937347	345.943726
KLLA0_F09977g	153	12.622765	141.628204	158.593292
KLLA0_E13619g	5	0.304071	3.411695	3.820369
KLLA0_A06002r	15	4.331326	48.597744	54.419079
KLLA0_D02376g	48	3.857372	43.279953	48.464287
KLLA0_E23145g	160	6.197869	69.540474	77.870453
KLLA0_C06094g	279	31.586666	354.404358	396.857056
KLLA0_D07810g	131	3.081131	34.570480	38.711540
KLLA0_E16083g	695	5.989340	67.200760	75.250481
KLLA0_F11000g	343	10.464628	117.413765	131.478302
KLLA0_A01386g	157	7.026385	78.836472	88.279984
KLLA0_F12232g	8	0.199479	2.238167	2.506268
KLLA0_F09933g	212	4.882406	54.780899	61.342884
KLLA0_E05743g	111	7.060377	79.217865	88.707062
KLLA0_F11231g	115	4.485824	50.331223	56.360203
KLLA0_F21450g	37	1.605354	18.012171	20.169779
KLLA0_C16489g	83	1.929127	21.644924	24.237684
KLLA0_B05379g	3	0.407738	4.574846	5.122848
KLLA0_A02717g	325	12.758276	143.148651	160.295853
KLLA0_F12694g	39	1.699038	19.063313	21.346830
KLLA0_F14080g	210	6.921683	77.661713	86.964500
KLLA0_E02817g	41	2.244809	25.186895	28.203934
KLLA0_E09791g	98	4.077176	45.746166	51.225918
KLLA0_A09185g	4394	170.514465	1913.182739	2142.355469
KLLA0_B04565g	730	64.248703	720.874451	807.225159
KLLA0_F18997g	25	1.045719	11.733032	13.138485
KLLA0_F18370g	51	4.772222	53.544624	59.958527
KLLA0_E15093g	18	1.894410	21.255396	23.801498
KLLA0_E05061g	21	0.562399	6.310152	7.066020
KLLA0_E11199g	1228	95.260277	1068.826172	1196.856689
KLLA0_C05984g	5	0.197260	2.213269	2.478388
ENSRNAG049935508	0	0.0	0.0	0.0
KLLA0_A03905g	230	2.516011	28.229799	31.611336
KLLA0_E03609g	115	8.569751	96.153137	107.670944
KLLA0_A00957g	425	9.104666	102.154907	114.391647
KLLA0_F09295g	23	1.710210	19.188662	21.487196
KLLA0_E06073g	215	4.685066	52.566730	58.863491
KLLA0_D05555g	59	1.366437	15.331508	17.168009
KLLA0_B01980g	107	6.240230	70.015762	78.402679
KLLA0_F24794g	15	0.414158	4.646878	5.203510
KLLA0_C15499g	7	0.210561	2.362508	2.645503
KLLA0_F03553g	59	3.488810	39.144665	43.833649
ENSRNAG049935328	1	0.432069	4.847841	5.428545
KLLA0_A09361g	61	1.808348	20.289774	22.720209
KLLA0_A05522g	764	22.864437	256.540405	287.270386
KLLA0_A01903g	101	10.307229	115.647743	129.500732
KLLA0_B07909g	12	0.207295	2.325863	2.604469
KLLA0_E20043g	211	8.913549	100.010574	111.990440
KLLA0_B04521g	444	35.756714	401.192505	449.249786
KLLA0_F08349g	53	6.212121	69.700378	78.049515
KLLA0_D19945g	97	2.548837	28.598106	32.023762
KLLA0_D11572g	2008	91.510277	1026.750977	1149.741455
KLLA0_A01606g	46	0.996537	11.181207	12.520559
KLLA0_F27445g	324	21.877823	245.470520	274.874451
KLLA0_F06688g	71	2.861905	32.110752	35.957172
KLLA0_D05357g	753	34.031029	381.830231	427.568176
KLLA0_E18459g	50	5.597315	62.802219	70.325050
ENSRNAG049935347	1	0.152439	1.710375	1.915254
KLLA0_C15147g	23	1.192073	13.375132	14.977287
KLLA0_E20725g	28	0.519662	5.830640	6.529069
KLLA0_A04983g	1357	18.413206	206.597305	231.344788
KLLA0_F10263g	18	0.434846	4.878999	5.463435
KLLA0_B01067g	136	6.574549	73.766846	82.603088
KLLA0_E05105g	233	3.925705	44.046650	49.322826
KLLA0_E13509g	61	2.841226	31.878731	35.697357
KLLA0_F09768g	6	0.188535	2.115374	2.368767
KLLA0_C07711g	2	0.065385	0.733624	0.821502
KLLA0_F21956g	122	2.856945	32.055099	35.894852
KLLA0_D15290g	18	1.165365	13.075467	14.641726
KLLA0_F14300g	47	1.178607	13.224043	14.808100
KLLA0_F08481g	44	1.524105	17.100552	19.148960
KLLA0_D19624g	405	17.631624	197.827927	221.524933
KLLA0_E08229g	132	3.174468	35.617729	39.884235
KLLA0_E12255g	105	2.546362	28.570337	31.992668
KLLA0_A11506g	300	38.903309	436.497528	488.783844
KLLA0_B08437g	16	1.725490	19.360104	21.679174
KLLA0_C01991g	216	5.180575	58.126366	65.089104
KLLA0_C03718g	129	6.829699	76.629646	85.808807
KLLA0_A02079g	116	8.028688	90.082375	100.872993
KLLA0_C16643g	24	1.326733	14.886026	16.669165
KLLA0_E16303g	4683	141.135941	1583.553955	1773.241577
KLLA0_E08735g	121	4.150101	46.564392	52.142159
KLLA0_F20075g	424	4.746429	53.255226	59.634460
KLLA0_F05940g	9	0.512304	5.748083	6.436623
KLLA0_D11748g	142	3.020151	33.886276	37.945385
KLLA0_E02531g	148	5.218511	58.552017	65.565727
KLLA0_F05775g	33	1.789247	20.075460	22.480223
KLLA0_B02541g	109	3.624918	40.671803	45.543720
KLLA0_D03773g	53	6.319249	70.902367	79.395477
KLLA0_E15203g	171	5.355474	60.088749	67.286545
KLLA0_C14366g	209	7.820852	87.750435	98.261719
KLLA0_D16280g	56	5.584314	62.656345	70.161705
KLLA0_C07238g	8	0.246000	2.760135	3.090761
KLLA0_A05929g	146	6.852262	76.882797	86.092293
KLLA0_F03190g	20	0.289207	3.244920	3.633617
KLLA0_F20548g	509	18.269203	204.981583	229.535538
KLLA0_F15334g	629	5.491949	61.620007	69.001228
KLLA0_E04445g	67	7.580000	85.048065	95.235641
KLLA0_A12089g	0	0.0	0.0	0.0
KLLA0_F23111g	204	5.028060	56.415146	63.172890
KLLA0_F03487g	94	8.799263	98.728271	110.554543
KLLA0_D11682g	1	0.163265	1.831843	2.051273
KLLA0_D16390g	53	0.947705	10.633308	11.907031
KLLA0_D16456g	32	0.620663	6.963877	7.798053
KLLA0_C16962r	0	0.0	0.0	0.0
KLLA0_F06578g	24	0.734780	8.244277	9.231827
KLLA0_F19536g	1544	23.743288	266.401154	298.312317
KLLA0_C04235g	200	10.915053	122.467575	137.137482
KLLA0_F15598g	20	0.691719	7.761129	8.690805
KLLA0_B04290g	1670	160.361588	1799.266968	2014.793945
KLLA0_F17072g	5	0.361257	4.053326	4.538858
KLLA0_C14025g	28	0.890566	9.992206	11.189133
KLLA0_D13574g	322	30.054945	337.218323	377.612396
KLLA0_F16599g	33	1.053560	11.821008	13.237000
KLLA0_D02244g	160	3.732782	41.882042	46.898930
KLLA0_D06193g	37	4.944882	55.481876	62.127838
KLLA0_B09130g	125	5.132850	57.590897	64.489479
KLLA0_A10483g	14	1.437367	16.127346	18.059177
KLLA0_E22815r	1004	94.560074	1060.969849	1188.059204
KLLA0_C17028g	140	5.151844	57.804005	64.728119
KLLA0_B00913g	29	2.770245	31.082321	34.805550
KLLA0_B01870g	17	0.807843	9.064049	10.149795
KLLA0_E09329g	81	18.092106	202.994537	227.310471
KLLA0_E15115g	426	17.932175	201.200119	225.301071
KLLA0_E22683g	200	2.483871	27.869184	31.207525
KLLA0_C05874g	116	3.537304	39.688766	44.442932
KLLA0_D05621g	4	0.347222	3.895852	4.362521
ENSRNAG049935522	1	0.038052	0.426946	0.478088
KLLA0_F09317g	6	0.179487	2.013855	2.255087
KLLA0_B10142g	0	0.000000	0.000000	0.000000
KLLA0_B09548g	2138	190.233841	2134.435303	2390.111084
KLLA0_D18689g	166	6.044349	67.817970	75.941620
KLLA0_E10209g	0	0.0	0.0	0.0
KLLA0_D01089g	203	3.791850	42.544792	47.641064
KLLA0_C15169g	229	7.061212	79.227234	88.717552
KLLA0_E07327g	4	0.100100	1.123128	1.257663
KLLA0_D14509g	2	0.090489	1.015292	1.136910
KLLA0_E07525g	1	0.029630	0.332450	0.372273
KLLA0_C05786g	1	0.061333	0.688160	0.770592
KLLA0_B08657g	11	0.232323	2.606678	2.918922
KLLA0_C06204g	910	40.921513	459.141907	514.140686
KLLA0_F03663g	13	0.584463	6.557711	7.343233
KLLA0_F17259g	433	7.307463	81.990189	91.811470
KLLA0_F04103g	85	3.960405	44.435989	49.758801
KLLA0_A10857g	138	3.112439	34.921757	39.104897
KLLA0_B04752g	98	4.748084	53.273796	59.655254
KLLA0_B11880g	285	15.873224	178.098557	199.432281
KLLA0_F27709g	37	2.114155	23.720949	26.562389
KLLA0_E08779g	72	2.547619	28.584442	32.008461
KLLA0_F06556g	30	1.354338	15.195756	17.015995
KLLA0_D16478g	60	3.573099	40.090389	44.892662
KLLA0_E20065g	6	0.111400	1.249915	1.399637
KLLA0_F03212g	17	0.901961	10.120058	11.332300
KLLA0_F01529g	32	2.226833	24.985205	27.978083
KLLA0_A02035g	346	14.614428	163.974777	183.616684
ENSRNAG049935331	29	6.816038	76.476364	85.637169
KLLA0_E21253g	158	1.832876	20.564981	23.028379
KLLA0_E06909g	107	11.677420	131.021362	146.715912
KLLA0_F10912g	81	1.069055	11.994863	13.431681
KLLA0_C11209g	155	4.194268	47.059948	52.697075
KLLA0_F10776r	11	4.620553	51.842892	58.052944
KLLA0_E23255g	2	0.106406	1.193882	1.336892
KLLA0_F16863g	985	32.005737	359.106323	402.122284
KLLA0_E05721g	119	4.996692	56.063190	62.778782
KLLA0_B04994g	4	0.147034	1.649731	1.847345
KLLA0_D11200r	8	4.297619	48.219551	53.995579
KLLA0_C09262g	29	0.877162	9.841811	11.020723
KLLA0_B04543g	485	10.608248	119.025192	133.282761
KLLA0_E18789g	77	2.621151	29.409475	32.932320
KLLA0_E20021g	4	0.310078	3.479094	3.895841
KLLA0_C04279g	183	3.508851	39.369522	44.085445
KLLA0_E04533g	582	23.409163	262.652252	294.114319
KLLA0_E14873r	1	0.047945	0.537946	0.602384
KLLA0_D10549g	11	0.253724	2.846799	3.187806
KLLA0_F07513g	96	1.554179	17.437983	19.526812
KLLA0_F20614g	9	1.073232	12.041730	13.484160
KLLA0_F05225g	432	40.318680	452.378082	506.566681
KLLA0_B03432g	6	0.145499	1.632508	1.828059
KLLA0_F21978g	375	8.392261	94.161682	105.440941
KLLA0_F15906g	1734	84.185715	944.568970	1057.715088
KLLA0_B05467g	3	0.209524	2.350872	2.632474
KLLA0_D02882g	487	39.913048	447.826843	501.470276
KLLA0_F21428g	23	1.357488	15.231099	17.055573
KLLA0_E08493g	49	5.396930	60.553886	67.807396
KLLA0_B02695g	15	0.830000	9.312651	10.428177
KLLA0_B14102g	328	20.464460	229.612503	257.116882
KLLA0_E19867g	9	1.182796	13.271045	14.860730
KLLA0_D01881g	47	2.450920	27.499475	30.793528
KLLA0_E05765g	85	9.686801	108.686508	121.705635
KLLA0_E09857g	257	16.214375	181.926285	203.718521
KLLA0_A00308r	0	0.0	0.0	0.0
KLLA0_A02871g	57	1.516640	17.016794	19.055170
KLLA0_E21165g	7	0.183121	2.054629	2.300745
KLLA0_B14498g	61	1.349413	15.140497	16.954117
KLLA0_C18139g	1490	81.967636	919.681946	1029.847046
KLLA0_C14388g	239	19.897058	223.246231	249.988007
KLLA0_F27687g	57	1.041847	11.689588	13.089837
KLLA0_E16919g	682	8.668661	97.262909	108.913651
KLLA0_F00902g	219	7.938034	89.065231	99.734001
KLLA0_B03652g	188	12.153944	136.367996	152.702988
KLLA0_E15929r	1	0.170139	1.908970	2.137638
KLLA0_D06424g	91	2.923321	32.799843	36.728806
KLLA0_C10032g	355	8.539007	95.808182	107.284668
KLLA0_E04577g	1	0.077519	0.869768	0.973954
KLLA0_A09757g	109	9.338384	104.777237	117.328102
KLLA0_C15257g	37	2.166667	24.310137	27.222153
KLLA0_D05489g	35	0.940129	10.548305	11.811846
KLLA0_A02123g	59	1.474926	16.548759	18.531073
KLLA0_B11638g	108	1.638189	18.380581	20.582319
KLLA0_D07546g	241	6.307613	70.771805	79.249283
KLLA0_F00858g	218	5.159218	57.886742	64.820770
KLLA0_E21121g	380	12.256800	137.522049	153.995285
KLLA0_D12540g	245	41.151814	461.725861	517.034180
KLLA0_A05137g	169	4.735651	53.134293	59.499046
KLLA0_F19118g	216	6.317789	70.885986	79.377136
KLLA0_F06853g	20	0.638311	7.161889	8.019783
KLLA0_A10329g	26	0.685938	7.696267	8.618173
KLLA0_C15015g	139	12.645163	141.879501	158.874695
KLLA0_B03069g	29	0.737237	8.271845	9.262696
KLLA0_D15543g	36	1.106173	12.411330	13.898034
KLLA0_C02563g	123	6.807189	76.377083	85.525993
KLLA0_E00991g	744	50.173279	562.947266	630.380554
ENSRNAG049935433	1	0.233945	2.624877	2.939301
KLLA0_F21692g	50	0.551769	6.190882	6.932464
KLLA0_E11507g	1852	31.928667	358.241608	401.153992
KLLA0_C16357g	1417	26.497616	297.304871	332.917877
KLLA0_E09483g	7	0.337449	3.786199	4.239732
KLLA0_C08723g	24	0.410497	4.605802	5.157513
KLLA0_C16555g	85	13.243827	148.596558	166.396347
KLLA0_F26290g	89	2.264854	25.411802	28.455782
KLLA0_E22705g	29	1.246154	13.981924	15.656765
KLLA0_D16984g	64	1.559541	17.498146	19.594181
KLLA0_D19063g	15	0.879902	9.872555	11.055149
KLLA0_D13860g	305	5.499646	61.706367	69.097931
KLLA0_F02101g	84	6.204679	69.616882	77.956017
KLLA0_E14587g	5	0.077870	0.873706	0.978364
KLLA0_E14125g	8	0.271269	3.043655	3.408242
KLLA0_C14608g	39	1.346311	15.105691	16.915144
KLLA0_F02610g	28	4.738095	53.161713	59.529751
KLLA0_B06391g	342	18.026915	202.263077	226.491394
KLLA0_F06963g	41	7.402174	83.052849	93.001427
KLLA0_C04862g	39	1.045359	11.728992	13.133963
ENSRNAG049935469	1	0.277900	3.118055	3.491555
KLLA0_D02640g	50	1.437853	16.132799	18.065285
KLLA0_D04037g	0	0.0	0.0	0.0
KLLA0_E01607g	342	5.271930	59.151382	66.236893
KLLA0_B04796g	961	83.774353	939.953369	1052.546753
KLLA0_E14719g	84	2.363234	26.515631	29.691833
KLLA0_C00374g	0	0.0	0.0	0.0
KLLA0_F27577g	1	0.088632	0.994456	1.113579
KLLA0_D05643g	231	17.708899	198.694931	222.495819
KLLA0_C06380g	36	3.249554	36.460194	40.827621
ENSRNAG049935498	0	0.0	0.0	0.0
KLLA0_F20504g	27	0.794601	8.915472	9.983421
KLLA0_F22627g	356	8.283105	92.936943	104.069504
KLLA0_C06655g	783	61.594135	691.090027	773.872986
KLLA0_D14267r	0	0.0	0.0	0.0
KLLA0_D04774g	410	7.401346	83.043556	92.991020
KLLA0_D09691g	194	6.366279	71.430046	79.986366
KLLA0_F06666g	34	0.890087	9.986832	11.183114
KLLA0_E04687g	172	9.479913	106.365204	119.106277
KLLA0_E01585g	142	4.677713	52.484226	58.771107
KLLA0_E09967g	1331	91.957993	1031.774292	1155.366577
KLLA0_F12485r	3	1.115385	12.514689	14.013774
KLLA0_D11704g	402	17.209068	193.086792	216.215912
KLLA0_E12145g	87	3.227339	36.210941	40.548508
KLLA0_C18678g	58	1.782819	20.003340	22.399460
KLLA0_E24003g	3524	213.145905	2391.510254	2677.979736
KLLA0_C05456g	12	0.883929	9.917738	11.105744
KLLA0_C17050g	481	8.540795	95.828247	107.307137
KLLA0_C10384g	2	0.120773	1.355080	1.517400
KLLA0_C05390g	3578	251.336090	2820.006592	3157.803955
KLLA0_C00462g	43	1.571222	17.629206	19.740942
KLLA0_B04158g	29	2.237654	25.106615	28.114038
KLLA0_D17765r	6	1.870676	20.989101	23.503302
KLLA0_F07293g	88	8.900794	99.867462	111.830185
KLLA0_E08163g	81	4.509290	50.594513	56.655029
KLLA0_D00792g	93	1.539667	17.275160	19.344482
KLLA0_D07029g	156	4.952025	55.562027	62.217583
KLLA0_F00968g	8	0.608108	6.823009	7.640311
KLLA0_E01387g	123	8.805084	98.793587	110.627678
KLLA0_D18535g	5	0.205833	2.309459	2.586100
KLLA0_A00638g	113	1.647059	18.480103	20.693762
KLLA0_F26521g	148	11.941270	133.981781	150.030945
KLLA0_E08031g	171	7.079870	79.436584	88.951973
KLLA0_E21495g	1630	221.549332	2485.797119	2783.561035
KLLA0_B08041g	22	4.096296	45.960693	51.466141
KLLA0_D16874g	105	7.771931	87.201546	97.647072
KLLA0_B14168g	1016	28.396381	318.609161	356.774109
KLLA0_C16621g	133	7.333333	82.280449	92.136497
KLLA0_C06248g	72	2.357189	26.447803	29.615885
KLLA0_F24618g	26	0.776780	8.715520	9.759518
KLLA0_B12397g	375	8.164957	91.611320	102.585083
KLLA0_F25036g	346	15.063248	169.010574	189.255676
KLLA0_E11617g	297	7.741820	86.863693	97.268761
KLLA0_E04709g	116	11.792416	132.311630	148.160721
KLLA0_B05511g	57	1.832697	20.562975	23.026131
KLLA0_A07997g	175	5.155093	57.840462	64.768944
KLLA0_F23694g	116	2.716528	30.479610	34.130646
KLLA0_F15455g	12	1.798742	20.181995	22.599518
KLLA0_C11099g	14	0.741830	8.323379	9.320403
KLLA0_B12287g	124	2.441336	27.391937	30.673113
KLLA0_B09504g	128	11.349040	127.336929	142.590118
KLLA0_F18744g	4	0.176944	1.985323	2.223137
KLLA0_F13992g	60	1.258011	14.114961	15.805737
KLLA0_B11726r	0	0.0	0.0	0.0
KLLA0_E24157g	120	8.221323	92.243752	103.293266
KLLA0_A09999g	475	54.468468	611.139587	684.345581
ENSRNAG049935490	0	0.000000	0.000000	0.000000
KLLA0_A10791g	4085	143.173203	1606.412231	1798.837891
KLLA0_F21318g	639	52.934959	593.933472	665.078491
KLLA0_C16665g	83	1.728135	19.389782	21.712406
KLLA0_F01364g	98	1.536003	17.234047	19.298447
ENSRNAG049935335	43	11.648936	130.701782	146.358032
KLLA0_E10891g	0	0.0	0.0	0.0
KLLA0_F27533g	151	5.138277	57.651783	64.557663
KLLA0_F12525r	29	3.016461	33.844875	37.899025
KLLA0_B03047g	189	4.703323	52.771576	59.092873
KLLA0_D09823r	0	0.0	0.0	0.0
KLLA0_D15158g	6	0.138931	1.558815	1.745539
KLLA0_F05071g	153	1.510943	16.952875	18.983591
KLLA0_F21824g	1	0.051745	0.580582	0.650128
KLLA0_A02981g	42	1.113198	12.490151	13.986297
KLLA0_E03037g	816	25.633394	287.608276	322.059723
