geneId	readCount	Coverage	FPKM	TPM
YALI0_A15796g	6	0.205493	0.039096	0.047420
YALI0_C21043g	11709	2418.263916	460.084717	558.038635
YALI0_A17831g	104872	17478.642578	3325.384033	4033.371826
YALI0_C00715g	354	154.385284	29.372438	35.625950
YALI0_E28699g	42	4.383023	0.833888	1.011426
YALI0_F10461g	18418	679.894714	129.352783	156.892517
YALI0_A09449g	289	41.008438	7.802025	9.463109
YALI0_E11275r	0	0.000000	0.000000	0.000000
YALI0_F08745g	23866	6228.594238	1185.015869	1437.310547
YALI0_A10098g	1517	160.066879	30.453386	36.937038
YALI0_E23716g	5284	931.291443	177.182053	214.904846
YALI0_A20108g	7502	357.721924	68.058075	82.547920
YALI0_B06985g	1581	169.954208	32.334492	39.218636
YALI0_E28446g	54	2.859622	0.544055	0.659886
YALI0_D15752g	6143	435.333344	82.823967	100.457535
YALI0_A16126r	8	6.724901	1.279440	1.551838
YALI0_E23738g	12925	562.890015	107.092155	129.892502
ENSRNA049652816	0	0.0	0.0	0.0
YALI0_B14201g	2103	121.822716	23.177275	28.111813
YALI0_C13354g	543	89.170731	16.965101	20.577040
YALI0_E30283g	3183	187.950882	35.758430	43.371552
ENSRNA049656709	0	0.0	0.0	0.0
YALI0_D06391g	20754	3797.214111	722.435669	876.245239
YALI0_E29689g	10521	352.073242	66.983391	81.244431
YALI0_B08228g	1165	65.755592	12.510273	15.173762
YALI0_E33583g	574	25.352581	4.823433	5.850362
YALI0_D13662g	1142	291.090912	55.381252	67.172150
YALI0_F10076g	2850	345.128296	65.662086	79.641815
YALI0_C11902r	0	0.0	0.0	0.0
YALI0_B13508g	306	68.209717	12.977180	15.740077
YALI0_A09878g	1635	198.711197	37.805626	45.854603
YALI0_E06589g	3321	703.083862	133.764603	162.243652
YALI0_B13332g	1152	132.722595	25.251022	30.627069
YALI0_E27247g	14586	962.866638	183.189362	222.191132
YALI0_F01056g	3211	92.469917	17.592785	21.338362
YALI0_C09614g	1750	66.934845	12.734632	15.445887
YALI0_B13926g	450	62.734440	11.935487	14.476601
YALI0_E02024g	203966	6103.842285	1161.281250	1408.522827
YALI0_F16401g	1472	89.588303	17.044544	20.673399
YALI0_D05181g	1509	127.917717	24.336876	29.518297
EFYLIG00000000194	1	0.126274	0.024024	0.029139
YALI0_D02629g	9577	1081.907104	205.837296	249.660904
YALI0_B16324g	2160	73.657211	14.013589	16.997139
YALI0_B20658g	2325	193.239502	36.764614	44.591953
YALI0_F15235g	2095	240.672379	45.788914	55.537567
YALI0_C18051g	1506	32.129700	6.112808	7.414250
YALI0_A07645g	10	7.371212	1.402403	1.700981
EFYLIG00000000633	0	0.0	0.0	0.0
YALI0_C08635g	36987	4807.807129	914.705139	1109.449707
YALI0_D09251g	3278	129.648651	24.666191	29.917725
YALI0_B11968g	1692	63.350388	12.052673	14.618737
YALI0_A09834g	4607	329.251953	62.641544	75.978195
EFYLIG00000000372	1	1.000000	0.190254	0.230760
YALI0_C16346g	1343	28.269753	5.378438	6.523529
YALI0_E30547g	3586	95.965027	18.257744	22.144892
YALI0_D17086g	1085	306.722687	58.355263	70.779335
YALI0_B17732g	1578	257.875397	49.061859	59.507332
ENSRNA049654029	0	0.0	0.0	0.0
YALI0_A01716g	52	3.293257	0.626556	0.759952
ENSRNA049654905	0	0.0	0.0	0.0
YALI0_F18260g	5787	732.357117	139.333969	168.998749
YALI0_F01793g	8856	329.421722	62.673843	76.017365
EFYLIG00000000598	0	0.0	0.0	0.0
YALI0_D24123g	1736	67.077690	12.761807	15.478850
YALI0_B03476g	670	30.446396	5.792552	7.025811
YALI0_E26939g	513	94.273216	17.935869	21.754490
ENSRNA049655062	0	0.0	0.0	0.0
YALI0_A01738g	1177	238.040085	51.489235	62.451504
YALI0_B06622r	0	0.0	0.0	0.0
YALI0_D01573g	16212	923.497375	175.699203	213.106277
YALI0_A04983g	14113	1448.496948	275.582550	334.255188
YALI0_E21626g	3551	291.513824	55.461712	67.269737
EFYLIG00000000207	0	0.0	0.0	0.0
YALI0_E09559g	896	68.365082	13.006740	15.775928
YALI0_F01991g	499	67.994598	12.936254	15.690435
YALI0_C07865g	714	79.324532	15.091820	18.304930
YALI0_D20680g	68143	5449.225098	1036.737549	1257.463379
YALI0_A15433g	119	46.937256	8.930007	10.831243
YALI0_D00649g	4247	311.475677	59.259533	71.876137
EFYLIG00000000522	2	1.918053	0.364918	0.442610
YALI0_C13530g	2617	329.387787	81.898064	99.334503
YALI0_C16368g	592	62.069572	11.808992	14.323176
YALI0_C15334g	3206	151.998123	28.918270	35.075092
YALI0_B11946g	81054	4563.194336	868.166565	1053.002808
YALI0_E09015g	2206	96.076324	18.278917	22.170576
YALI0_B18986g	15654	949.556152	180.656982	219.119598
YALI0_C10230g	56338	11565.282227	2200.342773	2668.804932
YALI0_F22121g	196	22.437998	4.268922	5.177793
YALI0_B09955g	517	31.609091	6.013760	7.294115
YALI0_F19360g	6912	237.934906	45.268101	54.905865
YALI0_A08426g	1616	50.682198	9.642497	11.695425
YALI0_E32527g	4470	276.596191	52.623569	63.827343
YALI0_A07194r	0	0.0	0.0	0.0
YALI0_D13860g	926	175.071182	33.308018	40.399429
YALI0_F12705g	1031	49.006119	9.323616	11.308654
YALI0_F27995g	1829	101.102356	19.235142	23.330381
YALI0_C03828g	20801	411.922943	78.370049	95.055351
YALI0_C15378g	1004	109.294495	20.793730	25.220800
YALI0_D07414g	5110	591.131714	112.465248	136.409576
YALI0_D15598g	703	36.454033	6.935530	8.412133
YALI0_A12111g	991	59.535713	11.326916	13.738462
YALI0_D16225g	1552	81.467499	15.499529	18.799442
YALI0_F13255g	2890	512.070190	97.423470	118.165329
YALI0_F00352g	22	1.206972	0.229631	0.278521
YALI0_E30393g	1460	96.155251	18.293934	22.188787
YALI0_D22440g	3985	51.313568	9.773121	11.853859
YALI0_D15488g	2903	184.359116	35.075085	42.542717
YALI0_D06281g	3659	565.007629	107.495033	130.381165
YALI0_E12793r	0	0.0	0.0	0.0
YALI0_F25905g	49494	11901.945312	2264.394287	2746.493164
YALI0_E11693g	8988	481.039215	91.519699	111.004616
YALI0_E04202g	130	11.001679	2.093115	2.538748
YALI0_D19998g	627	71.929466	13.684877	16.598444
YALI0_D17050g	1818	186.517273	35.485683	43.040733
YALI0_D07535g	40045	14979.681641	2849.946533	3456.711670
YALI0_E23177g	952	79.677444	15.158964	18.386370
YALI0_A17039g	309	59.274284	11.277178	13.678135
YALI0_D08954g	4595	292.396973	55.629730	67.473534
YALI0_E28468g	11348	544.989075	103.686424	125.761688
EFYLIG00000000167	30	28.730770	5.466148	6.629913
YALI0_C15719g	945	676.588623	128.723785	156.129608
YALI0_E23584g	25444	5490.922852	1044.670776	1267.085571
YALI0_E14256g	225	20.476061	3.895655	4.725056
YALI0_E03190g	1703	106.327148	20.229179	24.536057
YALI0_E01892g	326	26.450081	5.032238	6.103621
EFYLIG00000000507	0	0.0	0.0	0.0
YALI0_F04664g	4102	173.243835	32.960358	39.977753
YALI0_E15202g	7663	959.008667	182.455368	221.300858
YALI0_B07029g	5	0.660131	0.125593	0.152332
YALI0_F30327g	1700	132.742462	25.254803	30.631655
YALI0_E07623g	4886	929.342773	176.811295	214.455170
YALI0_B21725r	5	3.710082	0.705858	0.856139
YALI0_D04488g	11018	752.389465	143.145203	173.621399
YALI0_B13618g	40519	1902.544434	361.966949	439.031189
YALI0_F11627g	778	99.868958	19.000483	23.045763
YALI0_D11264g	1803	270.873474	51.534798	62.506771
YALI0_D08492g	6192	257.977325	49.081253	59.530853
YALI0_A06545r	0	0.000000	0.000000	0.000000
YALI0_A19338g	54	14.653226	2.787837	3.381379
EFYLIG00000000222	0	0.0	0.0	0.0
YALI0_C21789g	551	210.488632	40.046333	48.572365
YALI0_C20911g	2058	168.136734	31.988710	38.799236
YALI0_D14454g	2121	211.816025	40.298874	48.878674
YALI0_A19316g	35	15.756757	2.997788	3.636030
YALI0_C17501g	131	7.512864	1.429353	1.733669
YALI0_C18475g	26	15.458333	2.941012	3.567165
YALI0_C09372g	154	20.819893	3.961071	4.804399
YALI0_E26367g	5149	79.368744	15.100231	18.315134
YALI0_B07381g	1242	91.895233	17.483448	21.205746
YALI0_E27742g	66026	7882.441406	1499.667114	1818.952393
YALI0_E32791g	6107	219.422272	41.745995	50.633888
EFYLIG00000000356	2	1.565217	0.297789	0.361190
YALI0_C20834r	0	0.0	0.0	0.0
YALI0_F29249g	2701	297.155762	56.535110	68.571678
YALI0_C03025g	63	4.249497	0.808484	0.980614
YALI0_E05929g	4213	191.128036	36.362900	44.104710
YALI0_E34573g	6658	2409.921143	458.497498	556.113464
YALI0_D10879g	6924	125.857269	23.944866	29.042828
YALI0_B23012g	1027	97.116104	18.476740	22.410515
ENSRNA049652002	0	0.0	0.0	0.0
YALI0_E13079g	708	175.041672	33.302402	40.392620
YALI0_E22880g	5097	675.573425	128.530640	155.895340
YALI0_A13629r	0	0.0	0.0	0.0
ENSRNA049655360	1	0.322917	0.061436	0.074516
YALI0_D14806r	0	0.000000	0.000000	0.000000
YALI0_A06215g	5	0.359776	0.068449	0.083022
YALI0_A17424g	2735	172.698563	32.856617	39.851925
YALI0_B18436g	515	46.023937	8.756245	10.620484
YALI0_C22143g	138	4.964592	0.944534	1.145629
YALI0_A13695g	582	16.811462	3.198450	3.879413
YALI0_C13178g	4369	368.609009	70.129387	85.060226
YALI0_F27687g	1863	188.900604	35.939121	43.590710
YALI0_C21516g	2481	197.887833	37.648979	45.664604
YALI0_A08107g	1696	142.668335	27.143240	32.922150
YALI0_B10648r	0	0.0	0.0	0.0
YALI0_F21384g	36	6.156250	1.171252	1.420616
YALI0_E11561g	66	5.396396	1.026687	1.245273
YALI0_F09405g	4721	806.693726	153.476807	186.152664
YALI0_C21538g	24808	338.686401	64.436493	78.155281
YALI0_C02211g	8099	500.252594	95.175125	115.438301
YALI0_E25652g	6440	460.280243	87.570221	106.214287
YALI0_E23342g	4385	208.497177	39.667450	48.112816
YALI0_E16819g	1669	165.173523	31.424946	38.115444
YALI0_E02552g	1042	79.164032	15.061284	18.267895
ENSRNA049671911	0	0.000000	0.000000	0.000000
ENSRNA049655494	0	0.0	0.0	0.0
YALI0_F19866g	272	15.106709	2.874114	3.486025
YALI0_B23298g	1163	89.176163	16.966133	20.578293
YALI0_E18722g	191	10.141078	1.929382	2.340155
YALI0_C09504g	3506	491.748596	93.557205	113.475922
YALI0_E33935g	9333	605.357117	115.171700	139.692230
YALI0_C20669g	9744	572.477051	108.916130	132.104813
YALI0_E25850g	643	193.181549	36.753590	44.578579
YALI0_B18920g	1944	387.201172	73.666626	89.350555
YALI0_F11487g	16436	780.450378	152.596771	185.085251
EFYLIG00000000033	2	1.145833	0.217999	0.264412
EFYLIG00000000186	0	0.0	0.0	0.0
YALI0_E14344g	1168	72.788269	13.848269	16.796623
YALI0_F22367g	657	138.924530	26.430965	32.058228
YALI0_F31383g	3276	262.568268	49.954697	60.590260
YALI0_F13717g	57299	1590.315430	302.564087	366.981232
YALI0_B01562g	964	111.117577	21.140577	25.641495
YALI0_E01496g	1445	187.720718	35.714642	43.318439
YALI0_A16632r	0	0.0	0.0	0.0
YALI0_A11011g	71	9.908713	1.885174	2.286535
ENSRNA049657123	0	0.0	0.0	0.0
YALI0_C10164r	0	0.000000	0.000000	0.000000
YALI0_A00682g	5870	251.720596	47.890884	58.087051
YALI0_A13057g	4125	170.151962	32.372116	39.264271
EFYLIG00000000511	0	0.0	0.0	0.0
YALI0_C06061g	1832	142.066818	27.028799	32.783340
YALI0_E17303g	8056	467.600006	88.962837	107.903389
YALI0_D00154g	240	85.762413	16.316654	19.790537
YALI0_B08470g	4564	282.452820	53.737816	65.178825
YALI0_C10637r	0	0.000000	0.000000	0.000000
YALI0_B17567r	22	18.660976	3.550328	4.306207
YALI0_B14014g	91867	5070.232910	964.632812	1170.007080
YALI0_A05115g	279	31.746893	6.039978	7.325913
YALI0_F00132g	633	49.169361	9.354674	11.346323
YALI0_E30855g	5412	65.025337	12.371339	15.005248
YALI0_B05566g	19831	432.672272	82.317688	99.843460
YALI0_C00979g	27	1.429245	0.271920	0.329813
YALI0_D06578g	408	119.371017	22.710829	27.546059
YALI0_D23386g	328	77.121216	14.672630	17.796494
YALI0_F07403r	0	0.0	0.0	0.0
YALI0_B22374g	3080	166.426437	31.663319	38.404568
YALI0_C01045g	6355	174.343109	33.169498	40.231419
YALI0_C06864g	4335	413.400391	78.651138	95.396286
YALI0_B01606g	2639	232.538391	44.241390	53.660564
YALI0_C20713g	210	24.528456	4.666640	5.660187
YALI0_D07106g	1237	71.025032	13.512806	16.389738
YALI0_D11726g	1471	93.608063	17.809320	21.601000
YALI0_F02915g	3043	259.954315	49.457382	59.987064
EFYLIG00000000298	0	0.0	0.0	0.0
YALI0_D21846g	25939	333.058044	63.365669	76.856483
YALI0_C11363g	9010	460.283264	87.570793	106.214981
YALI0_F07557g	966	44.895027	8.541465	10.359978
YALI0_C24420g	35819	2999.716064	570.708374	692.214539
YALI0_E11231r	0	0.000000	0.000000	0.000000
YALI0_A17875g	3151	198.627335	37.789669	45.835247
ENSRNA049671792	0	0.000000	0.000000	0.000000
YALI0_B12892g	3949	119.323456	22.701782	27.535084
YALI0_E12837g	0	0.0	0.0	0.0
YALI0_C03245g	3207	177.570160	48.222279	58.489002
YALI0_F15543g	2	0.129487	0.024635	0.029880
YALI0_C24189g	767	37.733917	7.179034	8.707479
YALI0_F28391g	714	41.699074	7.933421	9.622478
YALI0_F06380g	800	72.527405	13.798638	16.736427
ENSRNA049658415	2	1.285714	0.244612	0.296691
YALI0_C04521g	1700	323.295654	61.508331	74.603714
YALI0_D01848r	0	0.0	0.0	0.0
YALI0_B10978g	1039	182.067703	34.639133	42.013947
YALI0_C22660g	981	57.941525	11.023615	13.370587
YALI0_B07007g	8709	1437.168213	273.427185	331.640991
YALI0_A02134g	7256	178.690079	33.996529	41.234528
YALI0_C00297g	429	55.057251	10.474870	12.705013
YALI0_E15510g	12019	1658.352417	315.508423	382.681427
YALI0_F29381g	10569	641.069641	121.966148	147.933243
YALI0_F06094g	2551	139.605957	26.560610	32.215473
YALI0_F06622g	967	105.940285	20.155579	24.446783
YALI0_C04620g	24322	890.016296	169.329285	205.380188
YALI0_E11143g	5341	363.211456	69.102478	83.814682
YALI0_F23221g	18589	1236.777344	235.302002	285.398773
YALI0_B08514g	1290	144.691116	27.528084	33.388927
YALI0_E05907g	30607	2711.590576	515.891296	625.726746
YALI0_D10087g	2020	131.501617	25.018726	30.345316
YALI0_B07249g	1269	105.058838	22.075832	26.775867
YALI0_A15345g	588	28.524015	5.426812	6.582202
YALI0_E03432g	8675	739.358643	140.666046	170.614426
YALI0_B21406g	665	60.155018	11.444741	13.881373
YALI0_C03487g	1426	67.121216	12.770089	15.488894
YALI0_B02838g	7831	303.362854	57.716042	70.004021
YALI0_B14971g	17919	453.575195	86.294556	104.667023
YALI0_D12947g	68	5.536765	1.053392	1.277664
YALI0_B02816g	7811	519.667297	98.868851	119.918442
YALI0_C11880g	44899	6046.335938	1150.340454	1395.252686
YALI0_F07953g	530	107.367470	20.427105	24.776121
YALI0_B15444g	59946	5454.540527	1037.748901	1258.689819
YALI0_E11957g	426	28.512617	5.424643	6.579573
YALI0_A08129g	13759	1499.079834	285.206116	345.927704
YALI0_D23881g	8352	291.380646	55.436375	67.239006
YALI0_B10934g	4553	329.620819	62.711723	76.063309
YALI0_D05660r	2	1.280549	0.243630	0.295500
YALI0_A02178g	709	163.319641	31.072237	37.687645
YALI0_B23111g	5067	1152.572021	219.281601	265.967560
YALI0_A21120g	1277	162.823227	30.977793	37.573093
YALI0_A16775g	2244	520.963196	99.115402	120.217484
YALI0_E17215g	451	72.494415	13.792362	16.728813
YALI0_F12001g	1278	313.907532	59.722210	72.437309
ENSRNA049672719	2	1.305101	0.248301	0.301165
YALI0_F12155g	86572	3576.168213	680.380798	825.236633
YALI0_A20592g	967	149.318039	28.408375	34.456635
YALI0_E18876g	874	76.598961	14.573269	17.675978
YALI0_D17996g	2340	197.402679	37.556675	45.552647
YALI0_E04114g	23530	1056.205322	200.947433	243.729965
YALI0_C12771g	911	161.314026	30.690660	37.224831
YALI0_B11220g	458	48.775322	9.279707	11.255394
YALI0_E13376g	25520	327.675323	62.341583	75.614365
YALI0_D15906g	6	0.617436	0.117470	0.142480
YALI0_A20482g	1143	88.398460	16.818172	20.398832
YALI0_B00352r	0	0.0	0.0	0.0
YALI0_C05731g	26	2.148148	0.408694	0.495707
YALI0_F08041g	29	4.370871	0.831576	1.008622
YALI0_E33847g	1041	98.136330	18.670841	22.645941
ENSRNA049672587	0	0.0	0.0	0.0
YALI0_B21098g	7036	381.432098	72.569038	88.019279
YALI0_B05742g	1385	237.840134	45.250069	54.883995
EFYLIG00000000309	0	0.0	0.0	0.0
YALI0_C07678g	5581	314.681732	59.869499	72.615967
YALI0_E20889g	1379	206.336304	39.256336	47.614170
YALI0_F05808g	12530	3869.819580	736.249146	892.999695
YALI0_F27093g	5421	202.989243	38.619541	46.841805
YALI0_D22308g	286	86.447449	16.446985	19.948616
YALI0_E25509r	0	0.0	0.0	0.0
YALI0_D01980g	11849	1595.615967	303.572540	368.204376
YALI0_C02057g	16672	147.317764	28.027815	33.995049
ENSRNA049670843	0	0.000000	0.000000	0.000000
EFYLIG00000000210	0	0.0	0.0	0.0
YALI0_C19096g	3493	1212.333374	230.651443	279.758057
YALI0_C12918g	8911	970.881287	184.714188	224.040588
YALI0_F25003g	2700	219.556366	41.771507	50.664833
YALI0_F25267g	1417	194.684357	37.039505	44.925365
YALI0_C23925g	129	15.010417	2.855794	3.463804
YALI0_C20581r	0	0.0	0.0	0.0
YALI0_B19712g	1062	90.277779	17.175722	20.832502
YALI0_F18986r	0	0.0	0.0	0.0
YALI0_C18755g	2106	156.493744	29.773582	36.112499
YALI0_B09427g	318	14.901906	2.835149	3.438764
YALI0_B14773g	667	37.373890	18.629599	22.595919
YALI0_F05654g	18523	1776.569824	337.999756	409.961304
YALI0_F03344g	2000	241.321381	45.912392	55.687328
YALI0_B09053g	1445	45.112862	8.582909	10.410245
YALI0_C09845g	9150	2678.541992	509.603699	618.100464
YALI0_F06820g	905	83.008171	15.792647	19.154966
YALI0_C13442g	1661	101.268112	19.266678	23.368631
YALI0_D21530g	25248	1612.885498	306.858154	372.189514
YALI0_F29821g	15274	1587.038086	301.940552	366.224945
YALI0_F24387g	21209	1664.415649	316.661957	384.080597
YALI0_C12309r	0	0.0	0.0	0.0
YALI0_E26191g	8026	512.724243	97.547905	118.316261
YALI0_A03839g	19527	1261.758179	240.054718	291.163361
YALI0_E11495g	3935	152.255569	28.967251	35.134499
YALI0_E06875g	49	4.428701	0.842579	1.021967
YALI0_C07634g	48	18.398468	3.500385	4.245631
YALI0_D18964g	46940	6148.959961	1169.864990	1418.934082
YALI0_D27258g	6583	228.926651	43.554241	52.827122
YALI0_E13123g	9191	564.630798	107.423340	130.294220
YALI0_F21241g	1880	326.709106	63.086880	76.518333
YALI0_F28281g	12574	385.514557	73.345741	88.961349
YALI0_C01133g	7406	251.819870	47.909771	58.109959
YALI0_F17182g	9957	2108.171875	401.088409	486.481812
YALI0_A02354g	12176	828.071350	157.543991	191.085770
EFYLIG00000000436	0	0.0	0.0	0.0
YALI0_E26873g	5479	286.377319	54.484467	66.084435
YALI0_D23265g	4924	113.614349	21.615599	26.217651
YALI0_A03421g	412	79.986511	15.217764	18.457689
YALI0_C02453g	5972	268.488434	53.016865	64.304375
YALI0_E06831g	1352	108.878784	20.714638	25.124870
YALI0_B17072g	7520	333.081573	63.370148	76.861908
YALI0_D18337g	2886	281.627045	53.580708	64.988266
YALI0_E34980g	23436	300.909637	57.249302	69.437912
YALI0_C11539g	918	158.336746	30.124220	36.537792
YALI0_C16049g	607	93.694191	17.825706	21.620874
YALI0_E10571g	6099	583.268005	110.969147	134.594940
YALI0_D20834g	816	52.069576	9.906452	12.015576
YALI0_F14641g	1732	175.589355	33.406601	40.519005
YALI0_F05236g	750	112.671127	21.436148	25.999992
YALI0_A01914r	0	0.0	0.0	0.0
YALI0_D23639g	1107	68.586861	13.048934	15.827106
YALI0_C04477g	1063	65.371117	12.437125	15.085040
EFYLIG00000000165	0	0.0	0.0	0.0
YALI0_F11055g	16190	3585.905762	682.233398	827.483704
YALI0_E16214g	1694	195.216888	37.140820	45.048256
YALI0_E07425g	5388	153.178497	29.142843	35.347473
YALI0_A04587g	1477	324.795197	61.793633	74.949745
YALI0_F20042g	429	36.987179	7.036964	8.535163
YALI0_D03025r	0	0.0	0.0	0.0
YALI0_C14806g	2050	106.660484	20.292599	24.612976
YALI0_E16148g	834	90.801514	17.275364	20.953360
YALI0_D02607g	3255	163.034225	31.017935	37.621780
YALI0_C08503r	0	0.000000	0.000000	0.000000
YALI0_F21725g	4497	298.591064	56.808186	68.902885
YALI0_B13090g	24	1.075463	0.204611	0.248174
YALI0_B23100g	12578	1327.424194	252.547943	306.316467
YALI0_B06369g	458	23.209656	4.415733	5.355861
YALI0_E25245r	0	0.0	0.0	0.0
YALI0_A15994r	0	0.0	0.0	0.0
YALI0_A19602g	1951	452.862061	86.158875	104.502457
YALI0_F30569g	319	22.488470	4.278524	5.189440
YALI0_B11286g	2870	269.130920	51.203270	62.104656
YALI0_B12496g	5185	375.334778	71.408989	86.612267
YALI0_E02728g	14370	703.175415	133.782028	162.264786
YALI0_E02244g	7344	414.802002	78.917801	95.719727
YALI0_F09603g	10245	902.858643	171.772598	208.343674
YALI0_F09856g	2346	150.979599	28.724491	34.840057
YALI0_F01232g	6373	253.890335	48.303684	58.587742
YALI0_A14608g	12926	360.820343	68.647560	83.262917
YALI0_D10274g	245	134.808746	25.647923	31.108471
YALI0_E27027g	1171	182.467590	34.715214	42.106224
YALI0_C05775g	4700	383.081512	72.882843	88.399895
YALI0_E01650g	915	78.756180	14.983688	18.173777
YALI0_F27269g	1147	113.863319	21.662968	26.275103
YALI0_D20878g	4106	366.633942	69.753624	84.604462
YALI0_D13574g	207	22.592834	4.298380	5.213523
EFYLIG00000000642	0	0.0	0.0	0.0
YALI0_E04741g	545	56.278114	10.707144	12.986739
YALI0_D10593g	52504	4829.566406	918.844971	1114.470825
YALI0_B23364g	2601	245.195145	46.649391	56.581238
YALI0_F01408g	557	58.003094	11.035329	13.384795
YALI0_B11396g	1291	98.272995	18.696844	22.677479
YALI0_D10483g	507	64.109016	12.197005	14.793798
YALI0_A06930g	184	19.088478	3.631662	4.404858
YALI0_E09218g	28	9.879433	1.879603	2.279778
YALI0_F02013g	2335	238.191925	45.316998	54.965172
YALI0_B04444g	10987	1916.385132	364.600189	442.225098
YALI0_C10494g	9307	634.274658	120.673370	146.365250
YALI0_F03256g	1325	62.385971	11.869189	14.396189
YALI0_F22517g	683	152.258286	28.967768	35.135128
YALI0_E00748g	5175	382.024139	72.681679	88.155899
YALI0_C01969g	903	79.715660	15.166235	18.395189
YALI0_D25190g	21849	2493.407959	474.381195	575.378906
EFYLIG00000000374	0	0.0	0.0	0.0
YALI0_A17336g	901	158.640488	30.182009	36.607880
YALI0_F18348g	2175	139.174911	26.478601	32.116005
YALI0_E19074g	2066	238.186066	45.315884	54.963821
YALI0_D24079g	3415	173.384613	32.987141	40.010235
YALI0_A19800g	629	73.232986	13.932879	16.899244
YALI0_F26917g	33646	4089.239502	777.994751	943.632996
YALI0_B07403g	891	143.417862	27.285843	33.095108
YALI0_F00770g	5536	161.080093	30.646154	37.170849
YALI0_C16841g	3103	70.767838	13.463874	16.330389
YALI0_E08646g	1238	285.390411	54.296703	65.856697
YALI0_A01441g	460	43.543667	8.284363	10.048138
YALI0_B22198g	7495	1386.342529	263.757385	319.912445
YALI0_A09680g	2343	198.612930	37.786930	45.831924
YALI0_D14762g	5416	434.092072	82.587814	100.171097
YALI0_E30943g	6349	1143.003540	217.461151	263.759521
YALI0_F06886g	147	15.384375	2.926941	3.550099
YALI0_F04543g	1477	95.593590	21.581320	26.176073
YALI0_A18425g	1606	101.206619	19.254978	23.354441
YALI0_D20526g	97348	25210.501953	4796.402344	5817.575684
YALI0_E03982g	2734	72.471916	13.788081	16.723621
YALI0_A14542g	13435	697.978882	132.793381	161.065628
YALI0_B00572g	11159	643.291077	122.388786	148.445862
YALI0_F24805r	0	0.0	0.0	0.0
YALI0_E33033g	11268	1219.737427	232.060089	281.466644
YALI0_B02310g	2	0.260982	0.049653	0.060224
YALI0_A04345g	1684	160.107346	30.461084	36.946373
ENSRNA049654127	0	0.0	0.0	0.0
YALI0_E06039g	1669	213.541199	40.627094	49.276772
YALI0_C00209g	42380	1959.851196	372.869781	452.255310
YALI0_E04510g	350	19.420792	3.694886	4.481543
YALI0_E24893g	3625	162.923004	30.996775	37.596119
YALI0_E03234g	1216	49.257523	9.371448	11.366668
YALI0_D17226g	1441	421.802887	80.249748	97.335243
YALI0_F26741r	0	0.0	0.0	0.0
YALI0_F03542g	10635	323.117920	61.474518	74.562698
YALI0_A05687r	0	0.0	0.0	0.0
YALI0_F00242g	177	28.211691	5.367391	6.510130
YALI0_C01023g	1123	99.940918	19.014174	23.062368
YALI0_C19844g	13896	1475.730835	280.763885	340.539673
YALI0_E01584g	15694	1531.451172	291.364899	353.397705
YALI0_A19778g	3857	205.114792	39.023937	47.332294
YALI0_A08976r	3	3.676937	0.699553	0.848490
YALI0_A09559g	15036	1256.030640	238.965012	289.841644
YALI0_F19954r	0	0.0	0.0	0.0
YALI0_E04983g	2606	123.029449	23.406860	28.390278
YALI0_C10219r	0	0.0	0.0	0.0
YALI0_F07260g	6772	572.794800	108.976578	132.178146
YALI0_C20801g	11	4.561182	0.867784	1.052539
YALI0_B09361g	254	22.901434	4.357092	5.284736
YALI0_E21978g	1043	61.482197	11.697242	14.187634
YALI0_E28556g	3043	227.116043	43.209766	52.409306
YALI0_C05313r	0	0.000000	0.000000	0.000000
YALI0_F21032g	2171	139.697891	26.578102	32.236687
YALI0_D00407g	357	22.079803	4.200774	5.095136
YALI0_E22044g	2796	131.836609	25.082460	30.422619
YALI0_F29667g	15266	2635.516357	501.417877	608.171814
YALI0_F23991g	2074	549.761169	104.594337	126.862900
YALI0_D23573g	1464	132.484772	25.205774	30.572189
YALI0_C19041g	16990	1235.403931	235.040710	285.081848
YALI0_C20625g	3797	471.617462	89.727173	108.830460
YALI0_A14256g	340	36.481361	6.940730	8.418440
YALI0_E03278g	5038	225.844208	42.967796	52.115814
YALI0_A01892g	30302	1333.537842	253.711075	307.727203
YALI0_D03531g	9041	258.825409	49.242603	59.726559
YALI0_D08712g	985	70.514183	13.415614	16.271854
YALI0_C23474g	3229	122.799248	23.402586	28.385094
YALI0_D00231g	961	80.229942	15.264078	18.513865
YALI0_E11209g	1061	79.691963	15.161726	18.389719
YALI0_D24211g	2847	206.123291	39.215809	47.565018
YALI0_E34826g	13079	5305.092285	1009.315796	1224.203247
YALI0_B04092g	1405	163.098846	31.030231	37.636696
YALI0_E12111g	51048	5287.957031	1006.055725	1220.249146
YALI0_F25938r	5	4.189075	0.796989	0.966671
YALI0_F17886g	8681	418.665710	79.652885	96.611305
EFYLIG00000000589	0	0.0	0.0	0.0
YALI0_D14938r	0	0.000000	0.000000	0.000000
YALI0_E21934g	619	82.584656	15.712072	19.057238
YALI0_C04499g	38	2.402778	0.457138	0.554465
YALI0_E03146g	22137	1552.656982	295.399414	358.291168
YALI0_D11176g	14119	334.510437	63.641991	77.191635
YALI0_E21461r	0	0.000000	0.000000	0.000000
YALI0_F11616g	8	2.652330	0.504617	0.612052
YALI0_D20218g	764	45.174576	8.594649	10.424486
YALI0_A12793r	1	0.375000	0.071345	0.086535
YALI0_A19734g	5097	336.456848	64.012306	77.640793
YALI0_C04774g	776	69.414894	13.206470	16.018183
YALI0_E25113g	535	29.769146	5.663703	6.869529
YALI0_E29073g	18472	3290.419678	626.015930	759.297363
YALI0_F27115r	0	0.0	0.0	0.0
YALI0_E31262g	175	13.809412	2.627298	3.186660
YALI0_F29447r	0	0.0	0.0	0.0
YALI0_E03168g	10651	312.343201	59.424587	72.076324
YALI0_E32043g	4325	186.437469	35.470501	43.022316
YALI0_A12991r	0	0.0	0.0	0.0
YALI0_C01881r	0	0.0	0.0	0.0
EFYLIG00000000613	0	0.0	0.0	0.0
YALI0_E28490g	650	62.448570	11.881099	14.410634
YALI0_F29579r	0	0.0	0.0	0.0
YALI0_C15180g	7664	560.868958	106.707634	129.426132
YALI0_D12683g	310	30.235748	5.752476	6.977202
YALI0_A06589g	862	64.900818	12.347649	14.976514
YALI0_C18513g	7058	954.294495	181.558472	220.213013
YALI0_E24101g	4515	104.320518	19.847410	24.073006
ENSRNA049657079	0	0.0	0.0	0.0
YALI0_E09449g	959	86.285202	16.416117	19.911175
YALI0_F20922g	116	6.375272	1.212922	1.471158
YALI0_F31845g	5032	115.706970	22.013729	26.700542
YALI0_B02112g	12	2.040404	0.388195	0.470844
YALI0_E17831g	5313	191.270584	36.390018	44.137608
YALI0_E31933g	884	120.885498	22.998966	27.895540
YALI0_E15796g	14120	2341.391357	488.001282	591.898804
ENSRNA049671882	1	0.672207	0.127890	0.155119
YALI0_E16082r	0	0.000000	0.000000	0.000000
YALI0_B06285g	1731	49.423813	9.403085	11.405040
YALI0_A18227g	2326	271.827545	51.716316	62.726933
YALI0_C16929g	3421	197.838486	37.639591	45.653214
YALI0_A20394g	5383	1208.180054	229.861237	278.799683
YALI0_E24519g	664	86.950714	16.542732	20.064749
YALI0_D19514g	1311	96.762428	18.409452	22.328901
YALI0_F23793g	30993	2006.589600	381.761963	463.040649
EFYLIG00000000616	0	0.0	0.0	0.0
YALI0_D26103g	3756	166.162506	31.613106	38.343666
YALI0_E29205g	5369	433.414856	82.458969	100.014824
YALI0_C13728g	110	13.414251	2.552117	3.095473
YALI0_C13244g	39184	3331.243164	633.782776	768.717773
YALI0_C08943g	5	0.337374	0.064187	0.077852
YALI0_A03641g	1235	121.183670	23.055695	27.964348
ENSRNA049671531	0	0.000000	0.000000	0.000000
YALI0_E01738g	411	49.573475	9.431559	11.439576
YALI0_F13497g	4132	351.259247	66.828529	81.056587
YALI0_B00330r	0	0.0	0.0	0.0
YALI0_F02805g	48330	2829.730957	538.368042	652.988831
YALI0_C16390g	2642	58.313442	11.094374	13.456411
YALI0_F14421g	1716	230.086319	43.774872	53.094727
YALI0_F29139g	1373	159.328735	30.312950	36.766705
YALI0_C03069g	3241	326.677643	62.151768	75.384140
YALI0_D10215r	0	0.0	0.0	0.0
EFYLIG00000000318	0	0.0	0.0	0.0
YALI0_D26950g	1358	39.358025	7.488027	9.082258
EFYLIG00000000602	0	0.0	0.0	0.0
YALI0_C05819g	4033	352.597412	67.083115	81.365387
YALI0_D22550g	179	12.870807	2.448724	2.970068
YALI0_D04070g	598	125.754166	23.925249	29.019035
YALI0_D27302g	3665	295.836945	56.284203	68.267342
YALI0_D05797g	3080	566.520935	107.782944	130.730392
YALI0_A02024g	450	25.372974	4.827313	5.855068
YALI0_F30004g	410	140.809525	26.789593	32.493210
YALI0_F13409g	5644	374.035431	71.161781	86.312424
YALI0_E13057g	12078	941.243835	179.075531	217.201447
YALI0_B13772g	769	256.125427	48.728920	59.103508
YALI0_F10901g	137	5.635174	1.072115	1.300373
ENSRNA049671263	296	113.533661	21.600248	26.199032
YALI0_C20097g	531	92.942711	17.682735	21.447462
YALI0_E00682g	312	40.629200	7.729873	9.375595
YALI0_B09647g	13229	777.235046	147.872192	179.354782
YALI0_F27511g	20390	1320.112183	251.156815	304.629120
YALI0_D10857g	18915	809.117310	153.937912	186.711929
YALI0_D16269g	843	92.146103	17.531178	21.263638
YALI0_F08921g	641	52.985256	10.080665	12.226879
EFYLIG00000000002	0	0.0	0.0	0.0
YALI0_A16698g	1019	91.972298	17.498110	21.223530
YALI0_F14839g	6587	416.055023	79.156189	96.008865
YALI0_E32285g	1599	117.753464	22.403084	27.172792
YALI0_B12034g	555	46.315136	8.811646	10.687682
YALI0_F02651g	580	100.651199	19.149307	23.226273
YALI0_C19470r	0	0.000000	0.000000	0.000000
YALI0_F09229g	21987	4837.922852	920.434875	1116.399170
EFYLIG00000000391	0	0.0	0.0	0.0
ENSRNA049672248	0	0.0	0.0	0.0
YALI0_D15070g	37	5.696124	1.083711	1.314438
YALI0_E11011g	963	158.091049	30.077477	36.481094
YALI0_A18073r	6	4.610928	0.877248	1.064018
YALI0_B03058g	712	54.713852	10.409536	12.625770
YALI0_D27170g	9043	845.600952	160.879089	195.130905
YALI0_F22803g	10305	685.611389	130.440414	158.211700
YALI0_B21670g	911	87.086174	16.568504	20.096008
YALI0_B00374g	45	3.876923	0.737601	0.894639
YALI0_B06853g	2233	96.351707	18.331310	22.234121
YALI0_F06182g	3763	438.289490	83.386391	101.139694
EFYLIG00000000531	0	0.0	0.0	0.0
YALI0_F26389g	505	46.120476	8.774611	10.642762
YALI0_C00495g	16335	301.438507	58.097153	70.466270
EFYLIG00000000016	4	4.045455	0.769665	0.933529
YALI0_D09889g	99907	21841.083984	4155.356445	5040.049316
YALI0_B12078g	11277	1164.542969	221.559128	268.729980
YALI0_C04180g	4164	146.621338	27.895315	33.834347
YALI0_D22520g	8290	137.339066	26.129326	31.692368
YALI0_E17875g	3633	479.645752	91.254593	110.683067
YALI0_E23496g	5669	328.364899	62.801941	76.172729
YALI0_E02442g	353	16.106287	3.064288	3.716687
YALI0_B09119g	2328	191.559082	36.444908	44.204182
YALI0_F03795g	23743	1065.794678	202.771835	245.942810
YALI0_B20262g	7549	133.077499	25.405453	30.814379
YALI0_E08822g	3582	324.967651	61.826443	74.989540
YALI0_D22154g	609	25.464344	4.844697	5.876153
YALI0_B19272r	0	0.000000	0.000000	0.000000
YALI0_F24585g	5397	264.059601	50.238430	60.934399
YALI0_E05115g	1215	475.476746	90.461418	109.721024
YALI0_E18238g	4184	282.224457	53.694370	65.126122
YALI0_C03784g	803	92.810997	17.657675	21.417068
YALI0_F00594g	814	65.850960	12.528417	15.195769
YALI0_F05357r	6	4.411765	0.839357	1.018059
YALI0_E33319g	3746	242.511536	46.138821	55.961967
YALI0_E18216g	923	96.157898	18.294437	22.189398
EFYLIG00000000479	5	5.467391	1.040194	1.261655
YALI0_F17820g	152806	11207.978516	2132.364258	2586.353516
YALI0_F00484g	175200	11703.109375	2226.564941	2700.609863
YALI0_D03399g	7362	475.726776	90.508987	109.778725
YALI0_E03322g	1169	257.087158	48.911896	59.325439
EFYLIG00000000627	0	0.0	0.0	0.0
YALI0_D21890g	3667	114.288582	21.743876	26.373236
YALI0_E20515g	3603	357.770905	68.067398	82.559227
YALI0_E15037g	449	107.203308	20.395872	24.738239
YALI0_F31471g	2599	157.927795	30.046417	36.443420
YALI0_F03817g	4385	170.633148	33.631027	40.791214
YALI0_A07238g	6534	169.062653	32.164867	39.012901
YALI0_D24145g	1	0.096743	0.018406	0.022324
YALI0_A02849g	1533	422.964478	80.470741	97.603294
YALI0_A13079g	284	16.283361	3.097977	3.757549
YALI0_E27137g	534	38.609318	7.345582	8.909487
YALI0_D23859g	1733	205.434265	39.084717	47.406017
YALI0_F17622g	838	67.253777	12.795309	15.519483
YALI0_A05929g	3048	147.432465	28.049637	34.021519
YALI0_E08382g	1208	160.627136	30.559977	37.066322
YALI0_D00275g	6334	654.030701	124.432053	150.924149
YALI0_A07623g	644	46.566307	8.859432	10.745643
YALI0_D12210g	8169	263.920013	50.211872	60.902191
EFYLIG00000000468	0	0.0	0.0	0.0
YALI0_D03575g	6997	698.998047	132.987274	161.300797
YALI0_D18106g	17075	967.758789	184.120102	223.320038
YALI0_B05038g	23343	1003.654724	190.949463	231.603394
YALI0_E28787g	3557	269.670410	51.305912	62.229149
YALI0_F17380g	1438	262.972839	50.031670	60.683617
YALI0_B01298g	31970	2030.779297	386.364136	468.622681
YALI0_E19338g	1255	40.037914	7.617378	9.239150
YALI0_A17292g	642	61.342808	11.670723	14.155468
YALI0_A06952g	159	52.953800	10.074679	12.219621
YALI0_E27588g	180	15.615120	2.970841	3.603345
YALI0_C21604g	8604	490.932190	93.401878	113.287521
YALI0_A17974r	47	39.411232	7.498150	9.094537
YALI0_B07920g	0	0.0	0.0	0.0
ENSRNA049654897	0	0.0	0.0	0.0
YALI0_F07579g	963	234.830917	44.677555	54.189587
YALI0_A18722g	686	93.417007	17.772972	21.556911
ENSRNA049656905	0	0.0	0.0	0.0
YALI0_F07447g	354	47.460823	9.029618	10.952061
YALI0_F25465g	2454	169.620117	32.270927	39.141541
YALI0_B19404r	0	0.0	0.0	0.0
YALI0_D06996g	458	37.326069	7.101439	8.613364
ENSRNA049653191	0	0.0	0.0	0.0
YALI0_A16819g	2299	168.991272	32.151291	38.996429
YALI0_D25696g	755	52.084698	9.909329	12.019066
YALI0_C01419g	3770	463.183685	88.122612	106.884277
YALI0_E06215g	1240	156.327087	29.741875	36.074043
YALI0_C00957g	4439	221.358521	42.114376	51.080700
YALI0_E00880g	3390	157.177689	29.903706	36.270329
YALI0_D09317g	4498	335.710297	63.870270	77.468521
YALI0_E32395g	7637	533.399658	101.481491	123.087318
YALI0_F08723g	13704	1310.672363	249.360855	302.450806
ENSRNA049658160	0	0.0	0.0	0.0
ENSRNA049672068	0	0.0	0.0	0.0
YALI0_A11561g	324	19.102924	3.634410	4.408191
YALI0_B01012g	1488	266.338654	50.672028	61.460316
YALI0_E13970g	4087	217.324387	41.346863	50.149780
YALI0_F11253g	6356	263.186127	50.072247	60.732838
YALI0_F29359g	11930	865.586914	164.681488	199.742859
YALI0_F10703g	8935	716.152405	136.250946	165.259338
YALI0_A01804r	0	0.0	0.0	0.0
YALI0_E14795g	25719	2225.877441	423.482422	513.643555
YALI0_E09735g	0	0.0	0.0	0.0
YALI0_C17061g	9714	544.155273	103.527794	125.569283
YALI0_A08206r	0	0.0	0.0	0.0
YALI0_A18469g	54771	3615.584961	687.880005	834.332520
YALI0_B18326g	1893	264.372070	50.297882	61.006504
YALI0_D17534g	11592	585.102966	111.318260	135.018372
ENSRNA049653418	0	0.0	0.0	0.0
YALI0_D15862g	50251	2559.429688	486.942047	590.614075
YALI0_B03212g	1651	123.277977	26.797916	32.503304
YALI0_A04323g	570	67.803299	12.899858	15.646291
YALI0_E19811g	1333	102.214882	19.446804	23.587109
YALI0_C15230g	433	67.087555	12.763685	15.481126
YALI0_B18040g	2601	379.023102	72.110710	87.463379
YALI0_D16280r	0	0.0	0.0	0.0
YALI0_B11418g	15837	660.676147	125.696373	152.457642
YALI0_A13189r	0	0.000000	0.000000	0.000000
YALI0_D25322g	7431	507.419891	96.538734	117.092232
YALI0_B12716g	17996	2019.541138	384.226044	466.029358
YALI0_D24453g	10339	492.317291	93.665398	113.607147
YALI0_B12738g	2548	86.094376	16.379810	19.867140
YALI0_C18843r	0	0.0	0.0	0.0
YALI0_A00462r	0	0.000000	0.000000	0.000000
YALI0_C15532g	0	0.0	0.0	0.0
YALI0_E05841g	23130	2270.273193	431.928864	523.888306
EFYLIG00000000230	0	0.0	0.0	0.0
YALI0_F30437g	86	13.486698	2.565900	3.112191
YALI0_D05313g	5601	652.424438	124.126450	150.553482
YALI0_E19987g	6697	785.518005	149.448059	181.266159
YALI0_A11429r	0	0.0	0.0	0.0
YALI0_D17578g	83	13.876047	2.639975	3.202037
YALI0_A04389r	0	0.0	0.0	0.0
YALI0_C14938g	0	0.0	0.0	0.0
YALI0_D01089g	10159	947.383179	180.243561	218.618164
YALI0_C12144g	22	1.910655	0.363510	0.440903
YALI0_B15554g	144	61.316456	11.665709	14.149387
YALI0_F11187g	195	15.819277	3.009683	3.650457
YALI0_E08008g	205	15.196770	2.891248	3.506807
YALI0_C17743r	0	0.000000	0.000000	0.000000
YALI0_E07183g	11642	1015.335083	193.171707	234.298752
YALI0_E34265g	717	45.247028	8.608435	10.441205
YALI0_C02871g	196	78.551590	14.944765	18.126568
YALI0_C01925g	304	30.651651	5.831604	7.073176
YALI0_B21912g	1503	259.488892	49.368835	59.879665
YALI0_E11979g	1131	61.702324	11.739122	14.238430
YALI0_D03949g	316	147.717590	28.103882	34.087315
YALI0_A11143g	6421	562.922729	107.098373	129.900070
YALI0_A18183g	4060	250.780426	47.712013	57.870098
YALI0_F00330g	1399	80.357338	15.288316	18.543261
YALI0_F21769g	12578	540.782043	102.886017	124.790871
YALI0_B16522g	5751	334.949249	63.725479	77.292900
YALI0_F30525g	3547	166.513245	31.679834	38.424603
YALI0_B10450g	10865	3355.562744	638.409668	774.329773
YALI0_E03696g	4640	379.115692	72.128326	87.484741
YALI0_C12617g	3648	319.752594	60.834255	73.786118
YALI0_A17776g	2135	50.905098	9.684905	11.746861
YALI0_A07997g	6516	154.921844	29.474522	35.749767
EFYLIG00000000363	1	0.445946	0.084843	0.102907
YALI0_F26807g	4789	343.012756	65.259598	79.153633
YALI0_C20163r	0	0.0	0.0	0.0
YALI0_C06600g	1172	229.395355	43.643414	52.935280
ENSRNA049658931	62	67.890106	12.916373	15.666322
YALI0_C12683r	0	0.0	0.0	0.0
YALI0_A19910g	821	95.907410	18.246780	22.131596
YALI0_E24343g	1197	47.281689	8.995537	10.910724
YALI0_B10626g	3816	199.141098	37.887417	45.953808
YALI0_A04829r	0	0.0	0.0	0.0
YALI0_F27225g	1690	186.484146	35.479382	43.033085
YALI0_E26565g	4111	282.423798	59.586830	72.273109
YALI0_F24035g	296	23.364632	4.445218	5.391623
YALI0_E05049g	3833	409.634949	77.934746	94.527367
YALI0_A12837g	0	0.0	0.0	0.0
YALI0_F20196g	1802	106.984718	20.354284	24.687798
YALI0_D04466g	35655	3637.455322	692.040894	839.379272
YALI0_F17798g	6009	421.454865	80.183533	97.254936
YALI0_E02134g	22353	2187.557129	416.191772	504.800751
YALI0_A04895g	12363	2190.536865	416.758698	505.488373
YALI0_C19514r	0	0.000000	0.000000	0.000000
YALI0_D07964g	3351	374.698792	71.287994	86.465500
YALI0_D19228g	133	26.714571	5.082558	6.164655
EFYLIG00000000366	0	0.000000	0.000000	0.000000
YALI0_F18744g	141	10.668172	2.029664	2.461788
YALI0_F22451g	3915	1046.068848	199.018921	241.390884
ENSRNA049657473	1	0.186813	0.035542	0.043109
YALI0_B16984g	3418	444.196899	84.510300	102.502884
YALI0_C13552g	1136	62.952774	11.977026	14.526984
YALI0_E14883r	0	0.0	0.0	0.0
YALI0_B15015g	2269	109.549973	20.842335	25.279755
YALI0_C05148g	1840	884.661926	168.310593	204.144608
YALI0_D13750g	3083	102.639297	19.527550	23.685047
YALI0_C03355g	11243	958.217712	182.304886	221.118347
YALI0_C10252g	10560	480.414429	91.400833	110.860443
YALI0_E13211g	1302	242.038681	46.048862	55.852856
YALI0_D14520g	1881	152.185089	28.953844	35.118237
YALI0_F21175g	264	32.249699	6.135638	7.441941
EFYLIG00000000004	0	0.0	0.0	0.0
YALI0_C10714g	3094	236.662125	45.025948	54.612160
YALI0_C08855g	1218	140.836197	26.794668	32.499363
YALI0_E14817g	605	57.843750	11.005013	13.348025
YALI0_B09812g	2587	213.403610	40.600922	49.245026
YALI0_B12584g	24386	977.338501	185.942688	225.530655
YALI0_F19888g	1032	46.681450	8.881339	10.772212
YALI0_E02178g	5246	232.344299	44.204464	53.615776
YALI0_C06127g	1182	117.663712	22.386007	27.152081
YALI0_C05544r	23	19.328520	3.677331	4.460250
YALI0_E30085g	6173	367.780518	69.971764	84.869041
YALI0_E29975g	8948	662.038818	125.955627	152.772095
YALI0_C22528g	1121	502.782227	95.656395	116.022041
YALI0_F18898g	2760	357.299988	67.977798	82.450554
YALI0_E16775g	4728	102.672905	19.533945	23.692802
YALI0_A17215g	92	10.083333	1.918396	2.326830
YALI0_B07359g	6525	765.385620	145.617783	176.620407
YALI0_E10109g	2983	221.678436	42.175240	51.154522
YALI0_C00561g	2204	491.264893	93.465179	113.364304
YALI0_C22297g	1	0.001115	0.000212	0.000257
YALI0_E25531g	0	0.0	0.0	0.0
YALI0_E13145g	3018	923.663635	175.730835	213.144638
YALI0_D25278g	20240	2382.551270	453.290253	549.797607
YALI0_E00924g	352	29.343260	5.582677	6.771251
YALI0_D06259g	2922	162.322876	30.882599	37.457630
YALI0_E16731g	1981	54.880581	10.441257	12.664244
YALI0_F12661g	1933	145.211304	27.627052	33.508961
YALI0_F28105g	398	52.635170	10.014058	12.146092
YALI0_B16434g	5469	246.443558	46.886906	56.869320
YALI0_B00198g	4451	154.159470	29.329475	35.573845
EFYLIG00000000247	3	0.755027	0.143647	0.174230
YALI0_E29931g	1816	72.746033	13.840234	16.786877
YALI0_B06182r	0	0.0	0.0	0.0
EFYLIG00000000068	0	0.0	0.0	0.0
YALI0_E31537g	2752	908.032654	172.756973	209.537628
YALI0_A19074g	19444	437.865753	83.305771	101.041916
YALI0_D25146g	1530	134.095490	25.512220	30.943878
YALI0_C22209g	815	68.574165	13.046519	15.824177
YALI0_E10197g	184	8.324798	1.583827	1.921031
YALI0_E02530g	326	90.465569	17.211449	20.875837
YALI0_E29117g	4739	319.074005	60.705151	73.629524
YALI0_D08294g	5083	184.966492	35.190639	42.682873
YALI0_D19470g	5565	341.859497	65.040184	78.887505
ENSRNA049657324	2	2.000000	0.380508	0.461520
YALI0_B00484r	0	0.0	0.0	0.0
YALI0_C08283g	110	9.809778	1.866351	2.263705
YALI0_F21131g	679	78.988464	15.027883	18.227381
YALI0_A04741g	1374	69.770737	13.274172	16.100296
YALI0_C01243g	11241	306.172058	58.250504	70.652275
YALI0_E05467g	12984	2042.584106	388.610077	471.346741
YALI0_B15818g	1959	96.534897	18.366163	22.276396
YALI0_D17358r	0	0.000000	0.000000	0.000000
YALI0_C09823g	3975	256.326294	48.767136	59.149860
YALI0_D05621g	2914	165.430573	31.473850	38.174763
YALI0_F30019g	24458	624.748840	118.861053	144.167068
YALI0_D02189g	1510	255.452255	48.600845	58.948170
YALI0_E34881g	3273	262.332550	49.909851	60.535866
YALI0_D11462g	3491	236.927414	45.076420	54.673374
YALI0_D16687g	675	55.142395	10.491069	12.724661
YALI0_F19272g	1802	160.067719	30.453545	36.937229
YALI0_E25630g	127	23.228260	4.419272	5.360154
YALI0_B22572g	1089	60.262062	11.465106	13.906075
YALI0_B01364g	6784	298.930634	56.872791	68.981239
YALI0_B16478g	3247	221.270584	42.097645	51.060406
YALI0_B07667g	1665	139.741486	26.586393	32.246750
YALI0_C22000g	28914	4055.969482	771.664978	935.955627
YALI0_D25234g	896	67.161842	12.777818	15.498268
YALI0_D00429g	50232	6710.784180	1276.754395	1548.580688
YALI0_F00836g	11957	646.125183	122.927986	149.099869
YALI0_A06039g	0	0.0	0.0	0.0
YALI0_E09581g	2110	351.656799	66.904160	81.148331
YALI0_F21571r	0	0.0	0.0	0.0
YALI0_F10153g	1976	161.798035	30.782743	37.336517
YALI0_B12342g	15909	421.711273	80.232315	97.314102
YALI0_C08547g	10	0.872193	0.165938	0.201267
YALI0_B09295g	923	106.401825	20.243387	24.553288
YALI0_F22421g	3752	263.073608	53.506378	64.898102
YALI0_F04708g	3074	228.408386	43.455643	52.707523
YALI0_F05803g	10151	1824.195679	389.915680	472.930328
YALI0_A08646g	4668	432.871429	82.355583	99.889420
YALI0_C23969g	43928	1304.142212	248.118439	300.943878
YALI0_D21142g	11214	900.996033	171.418213	207.913864
YALI0_E30635g	16198	460.173309	87.549873	106.189606
YALI0_C00693g	176	93.682541	17.823490	21.618187
YALI0_F19756g	4909	560.188721	106.578224	129.269165
YALI0_D15466g	9745	2955.681641	562.330688	682.053162
YALI0_D24970g	2743	284.102570	54.051685	65.559517
EFYLIG00000000157	1	0.156034	0.029686	0.036006
ENSRNA049656781	38	43.011364	8.183089	9.925303
YALI0_B19492g	478	27.371948	5.207626	6.316351
YALI0_C03674g	10986	465.795135	88.619446	107.486900
YALI0_E17589g	731	27.807692	5.290528	6.416903
YALI0_E20251g	634	62.886921	11.964497	14.511787
YALI0_D24057g	1096	139.129562	26.469976	32.105541
YALI0_A10571g	390	81.981247	15.597271	18.917995
YALI0_C03289r	0	0.0	0.0	0.0
YALI0_F05918g	4715	311.226135	59.212059	71.818550
YALI0_A15972g	14877	1477.411011	281.083557	340.927429
YALI0_F19404g	1410	45.310410	8.620493	10.455831
YALI0_D05159g	13466	960.464661	182.732376	221.636841
YALI0_A08165g	18220	423.617188	80.594925	97.753914
YALI0_A08668g	263	28.429794	5.408886	6.560460
YALI0_B01100g	14	1.709113	0.325166	0.394395
YALI0_C22792g	747	36.071735	6.862797	8.323915
YALI0_A16214g	8470	785.528931	149.450119	181.268677
YALI0_A07425g	472	25.406931	4.833774	5.862904
YALI0_F30987g	16712	1141.191406	217.116379	263.341370
YALI0_D26884g	3831	411.968018	78.378616	95.065750
EFYLIG00000000402	5	10.097561	1.921103	2.330113
YALI0_C16907g	39	2.363358	0.449639	0.545369
YALI0_E11715g	68	5.773266	1.098388	1.332239
YALI0_E02354g	16834	1662.005859	316.203491	383.524506
YALI0_E01078g	3662	277.658417	52.825661	64.072464
YALI0_B02464g	1803	258.225525	49.128471	59.588127
YALI0_A20944g	5014	562.606689	107.038254	129.827148
YALI0_A06831g	1468	141.962646	27.008980	32.759304
YALI0_E23199g	1049	208.822495	39.729343	48.187885
YALI0_E23650g	95	6.979442	1.327868	1.610576
YALI0_B04554g	60	11.804733	2.245899	2.724061
YALI0_D14586g	1322	404.445465	76.947418	93.329849
YALI0_B17094r	0	0.0	0.0	0.0
YALI0_A02244g	1020	59.806622	11.378457	13.800977
YALI0_B06732g	2324	203.214722	38.662441	46.893833
EFYLIG00000000530	1	0.156897	0.029850	0.036206
YALI0_C03135g	2671	93.464661	17.782038	21.567907
YALI0_F30811g	2028	206.176239	39.225883	47.577236
YALI0_D03113g	2031	101.296791	19.272133	23.375250
YALI0_E34089g	4591	225.961502	42.990112	52.142883
EFYLIG00000000413	2	0.993603	0.189037	0.229284
YALI0_E24937g	13182	817.292175	155.493210	188.598358
YALI0_B13046g	82	3.814815	0.725784	0.880307
YALI0_A01650g	129	12.330492	2.345927	2.845385
YALI0_C08393g	103	5.087278	0.967876	1.173940
EFYLIG00000000079	0	0.000000	0.000000	0.000000
YALI0_D25168g	20062	1585.466309	301.641510	365.862274
YALI0_B21780g	35	3.798925	0.722761	0.876640
YALI0_D01265g	4464	386.343628	73.503471	89.152664
YALI0_C13024g	0	0.0	0.0	0.0
YALI0_A16148g	109	26.576643	5.056316	6.132827
YALI0_E29733g	1344	238.075439	45.294838	54.938293
YALI0_F19162g	3978	309.237091	58.833633	71.359558
YALI0_E01034g	26754	1352.398926	257.299500	312.079620
YALI0_C06754g	471	47.829807	9.099818	11.037208
YALI0_D08536g	27725	1104.586548	210.152176	254.894409
YALI0_F25663g	1607	189.168991	35.990185	43.652641
ENSRNA049669918	0	0.0	0.0	0.0
YALI0_C10967g	1640	135.948273	25.864721	31.371428
YALI0_F02563g	5629	898.145325	170.875854	207.256042
YALI0_B14333g	634	23.607670	4.491457	5.447707
EFYLIG00000000416	0	0.0	0.0	0.0
YALI0_D26081g	4044	196.715805	37.425995	45.394146
YALI0_C03223g	3570	890.246887	169.373138	205.433395
YALI0_D03245g	102956	15755.257812	2997.502930	3635.683594
YALI0_E31551g	1543	66.302681	15.456001	18.746647
YALI0_A00264g	81292	2531.753906	481.676666	584.227600
YALI0_F23111g	1671	351.439575	66.862831	81.098206
YALI0_A13453r	0	0.0	0.0	0.0
YALI0_B11066g	2500	111.891846	21.287888	25.820166
YALI0_D24189g	1877	45.816776	8.716831	10.572680
YALI0_D17988g	4120	157.047928	29.879019	36.240383
YALI0_B22330g	459	32.058090	6.099184	7.397726
YALI0_F07040g	324	13.521920	2.572601	3.120319
YALI0_E19184g	2655	137.054703	26.075224	31.626747
YALI0_F26587g	1516	99.450294	18.920830	22.949152
YALI0_A16082g	956	187.007767	35.578999	43.153915
YALI0_D22660g	16099	944.216003	179.641006	217.887314
YALI0_E18194g	4175	747.496460	142.214294	172.492294
YALI0_E31797g	10239	747.716553	142.256165	172.543091
YALI0_B02684g	1176	32.701378	6.221572	7.546171
YALI0_D00297g	18030	743.859924	141.522430	171.653137
YALI0_C03377g	378	23.081669	4.391383	5.326326
YALI0_D03597g	361	57.728573	10.983100	13.321446
YALI0_E12991g	1345	61.983097	12.926318	15.678385
YALI0_B08250g	15075	696.185669	132.452194	160.651825
YALI0_E33517g	60881	2039.459351	388.015564	470.625671
YALI0_A20504g	1755	62.700638	11.929056	14.468801
ENSRNA049670523	3	1.867021	0.355208	0.430834
YALI0_C12947g	2878	123.111816	23.422533	28.409286
YALI0_E30217g	7509	161.218750	30.672535	37.202843
YALI0_C08877g	5021	300.778168	57.224289	69.407578
YALI0_C03652g	16021	986.029236	187.596146	227.536133
ENSRNA049670013	1	0.245586	0.046724	0.056671
YALI0_F10659g	19055	712.791138	135.611465	164.483704
YALI0_E04224g	3612	236.540222	45.002754	54.584026
YALI0_D11880g	3309	52.565990	10.000897	12.130130
YALI0_D02695g	229	69.827271	13.284927	16.113342
EFYLIG00000000195	0	0.0	0.0	0.0
YALI0_C23881g	530	44.701752	8.504693	10.315377
YALI0_E32615g	2269	202.081131	38.446770	46.632248
YALI0_E34353g	1446	94.486732	17.976492	21.803762
ENSRNA049653243	0	0.0	0.0	0.0
YALI0_B12804g	6388	2047.958740	389.632599	472.587036
YALI0_C08415g	3747	450.472626	85.704285	103.951080
EFYLIG00000000139	0	0.0	0.0	0.0
YALI0_E29623g	1390	66.332390	12.620011	15.306864
YALI0_A20372g	7850	303.404510	57.723965	70.013634
YALI0_C16500g	515	50.827957	9.670229	11.729060
YALI0_F21406g	4147	626.023926	119.103638	144.461304
YALI0_C07777g	2444	131.612274	25.039780	30.370852
YALI0_E25025g	61551	10964.067383	2085.958984	2530.068359
YALI0_F08173r	0	0.000000	0.000000	0.000000
YALI0_E13486g	13884	961.761292	182.979065	221.936050
YALI0_F14971g	1	0.303303	0.057705	0.069990
YALI0_A02893g	115	7.160493	1.362313	1.652356
EFYLIG00000000377	12	12.184783	2.318205	2.811761
YALI0_E30899g	7657	496.682068	94.495819	114.614372
YALI0_A14894r	3	1.875812	0.356881	0.432862
YALI0_A20790g	8078	531.122375	101.048233	122.561813
YALI0_E15642g	7987	455.705658	86.699883	105.158653
YALI0_C19261g	2178	126.855827	24.134846	29.273252
YALI0_B06094g	1817	73.344521	13.954099	16.924984
YALI0_C10311g	23	0.931809	0.177281	0.215024
EFYLIG00000000089	3	2.689655	0.511718	0.620665
YALI0_D12771g	1784	203.555939	38.727360	46.972572
YALI0_E13596g	4283	202.201965	38.469761	46.660130
YALI0_E22264g	7485	1259.956665	239.711960	290.747620
YALI0_F22033g	6455	253.571762	48.243076	58.514225
ENSRNA049656766	0	0.0	0.0	0.0
YALI0_D08419g	2041	176.159836	33.515137	40.650650
YALI0_E15840g	30	2.699187	0.513532	0.622864
YALI0_D05731g	6570	1688.473267	321.239014	389.632111
YALI0_B08844g	1148	204.393295	38.886669	47.165802
YALI0_C20075g	280	126.963966	24.155420	29.298208
YALI0_A17919g	2794	152.650986	36.642727	44.444115
YALI0_A01177r	0	0.000000	0.000000	0.000000
YALI0_D14300g	1784	155.951508	29.670420	35.987373
YALI0_E24761g	331	84.819336	16.137230	19.572912
YALI0_F28457g	14708	826.639404	157.271561	190.755341
YALI0_F19712g	839	90.146965	17.150833	20.802317
YALI0_B10362g	25153	1372.460815	261.116333	316.709076
YALI0_F09053g	1773	149.527145	28.448158	34.504890
YALI0_C17105g	109	6.826467	1.298764	1.575276
YALI0_B03344g	1691	177.349945	33.741562	40.925278
YALI0_F14773g	857	42.048592	7.999918	9.703135
YALI0_C11781g	6184	717.841370	136.572296	165.649094
YALI0_B05654g	963	81.416245	15.489777	18.787615
YALI0_F09427g	935	175.769089	33.440796	40.560478
EFYLIG00000000527	0	0.0	0.0	0.0
YALI0_A04917g	36302	3002.833984	571.301575	692.934021
YALI0_B11858g	0	0.0	0.0	0.0
YALI0_F16885r	1	0.074842	0.014239	0.017271
YALI0_A19052g	5940	222.692657	42.368198	51.388561
YALI0_F06372g	3143	289.066498	54.996094	66.704994
YALI0_D07678g	11757	693.165771	131.877655	159.954941
YALI0_F13431g	101	15.056296	2.864522	3.474391
YALI0_B17182g	203	15.641438	2.975848	3.609419
YALI0_D25718g	659	142.997849	27.205933	32.998188
EFYLIG00000000645	0	0.0	0.0	0.0
YALI0_D16467g	6666	1053.604126	200.452545	243.129715
YALI0_D11682g	1631	135.510284	25.781393	31.270357
YALI0_E32263g	55	10.879684	2.069905	2.510596
YALI0_E16621g	4655	298.502869	56.791409	68.882530
YALI0_F29403r	0	0.0	0.0	0.0
YALI0_E05687g	17955	1697.955078	323.042969	391.820160
YALI0_D23925g	13194	467.544922	88.952354	107.890678
YALI0_D19096g	5328	179.371338	34.126141	41.391735
YALI0_D17028g	2658	164.763657	31.346968	38.020866
YALI0_F03179g	80852	5068.906738	964.380432	1169.701050
YALI0_F32087r	0	0.000000	0.000000	0.000000
YALI0_D09845g	4171	361.873718	68.847969	83.505989
YALI0_D03619g	869	54.849907	10.435422	12.657166
YALI0_F05742g	396	103.953125	19.777512	23.988226
YALI0_F30305g	6651	921.386841	175.297653	212.619247
YALI0_E03014g	3968	353.343903	67.225136	81.537651
YALI0_F26345g	3721	292.620728	55.672302	67.525169
YALI0_E02002g	458	121.270340	23.072184	27.984346
YALI0_F11605g	100	17.430052	3.316139	4.022159
YALI0_F24563g	2710	128.678421	24.481602	29.693836
YALI0_B16302g	2003	106.350677	20.233656	24.541485
YALI0_C03850g	7018	368.556946	70.119484	85.048210
YALI0_A21461g	14327	798.568420	151.930939	184.277679
YALI0_E28666g	779	16.566582	3.151860	3.822905
YALI0_E17897g	920	165.570404	31.500452	38.207031
YALI0_E11165g	3497	194.228271	36.952732	44.820122
YALI0_F27929g	2188	669.542419	127.383217	154.503616
YALI0_D15686g	1462	199.191635	37.897034	45.965466
YALI0_B07898g	10	0.354759	0.067494	0.081864
EFYLIG00000000162	0	0.0	0.0	0.0
YALI0_D13442g	12983	874.150696	166.310791	201.719040
YALI0_B02992g	3258	589.682800	112.189583	136.075226
YALI0_F18359g	697	260.477783	49.556976	60.107857
YALI0_A21076g	11613	409.064514	80.825554	98.033646
YALI0_B05808g	1429	284.611450	54.148506	65.676949
YALI0_D07634g	16021	1701.463745	323.710510	392.629822
EFYLIG00000000213	0	0.0	0.0	0.0
YALI0_E35046g	167247	8743.242188	1663.437988	2017.590698
YALI0_D26147g	12750	649.353027	123.542099	149.844727
YALI0_D01133g	7182	255.843735	48.675327	59.038506
YALI0_F12727g	1101	121.131805	23.045826	27.952379
YALI0_E22671g	833	41.315636	7.860470	9.533998
YALI0_B16170g	737	63.906357	12.158449	14.747032
YALI0_F22847g	1039	180.180420	34.280071	41.578438
YALI0_A20614g	2692	183.433868	34.899052	42.329205
YALI0_E13882g	2468	75.378403	14.341053	17.394321
YALI0_E17809g	3586	612.705505	116.569756	141.387939
YALI0_F28941r	0	0.0	0.0	0.0
YALI0_C13134r	0	0.000000	0.000000	0.000000
YALI0_D02453g	291	81.625000	15.529493	18.835787
YALI0_B03872r	0	0.000000	0.000000	0.000000
YALI0_B09999g	15074	1470.966309	279.857422	339.440216
EFYLIG00000000227	0	0.0	0.0	0.0
ENSRNA049656378	0	0.0	0.0	0.0
YALI0_B10736g	12629	1362.713623	259.261902	314.459839
YALI0_B07095g	2674	217.425919	41.366180	50.173210
YALI0_E04807g	5901	198.635330	37.791191	45.837093
YALI0_E31691g	12136	1485.677612	282.656311	342.834991
YALI0_C23639g	840	35.157547	6.688869	8.112957
YALI0_E05995g	1999	141.049622	26.835276	32.548615
YALI0_E30965g	5642	361.786652	68.831406	83.485901
ENSRNA049672036	0	0.0	0.0	0.0
YALI0_C02541g	30	1.595992	0.303644	0.368291
YALI0_B09603g	14784	702.979309	133.744720	162.219528
YALI0_A06644r	23	19.168921	3.646966	4.423420
YALI0_C05126g	3267	177.074081	33.689075	40.861618
YALI0_C05082g	15501	4701.204102	894.423523	1084.849976
YALI0_A07018g	13886	411.162109	78.225296	94.879776
YALI0_F17072g	3314	572.124756	108.849098	132.023514
YALI0_E09493g	19209	295.700043	56.258156	68.235748
YALI0_C20449g	11024	1444.085571	274.743256	333.237244
YALI0_C02607g	496	99.378967	18.907261	22.932693
YALI0_E34133g	2624	190.382904	36.221134	43.932766
EFYLIG00000000031	2	1.187500	0.225927	0.274028
YALI0_B12166g	33993	7479.799805	1423.062866	1726.038818
YALI0_C17127r	0	0.0	0.0	0.0
YALI0_A09900g	23812	1305.603149	248.396408	301.281036
YALI0_F23749g	2910	234.362045	44.588348	54.081390
YALI0_F13475g	8545	680.050415	129.382401	156.928452
YALI0_B20042g	0	0.0	0.0	0.0
EFYLIG00000000430	4	4.902778	0.932774	1.131365
YALI0_A18568g	752	70.871147	13.483529	16.354227
YALI0_F13299g	355	16.665735	3.170725	3.845785
YALI0_E32505g	11568	1464.090210	278.549225	337.853516
EFYLIG00000000513	9	10.717949	2.039134	2.473274
YALI0_B14641g	12916	436.099304	85.680801	103.922607
YALI0_D07084g	5059	591.335632	112.504051	136.456619
YALI0_D05775g	7638	236.811768	45.137810	54.747837
YALI0_B05236g	2005	83.533417	15.892577	19.276173
YALI0_F13981g	13	0.817043	0.155446	0.188541
YALI0_C10274g	44	7.015873	1.334799	1.618983
YALI0_E25377r	0	0.0	0.0	0.0
YALI0_E13420g	6718	671.046509	127.669373	154.850708
EFYLIG00000000181	1	0.825836	0.157119	0.190570
YALI0_E25960g	8036	254.507996	48.421196	58.730274
YALI0_C13574g	903	61.283604	11.659459	14.141806
YALI0_B12650r	0	0.0	0.0	0.0
YALI0_F31317g	3341	480.559814	91.428497	110.893997
YALI0_B15304g	8263	508.554535	96.754608	117.354057
YALI0_F13783g	15526	320.864929	61.045883	74.042801
YALI0_B12276g	3407	138.337753	26.319328	31.922825
YALI0_E18073g	100	10.991257	2.091132	2.536343
YALI0_A18546g	3	0.797721	0.151770	0.184082
YALI0_B12628g	1633	99.193138	18.871904	22.889811
YALI0_F02035g	5451	133.848282	25.465189	30.886833
YALI0_E02343g	6237	1653.328125	314.552521	381.522034
YALI0_E25828g	41	8.643606	1.644482	1.994599
YALI0_F28061g	561	41.463005	7.888508	9.568004
YALI0_A11649g	56	2.496463	0.474962	0.576084
YALI0_E15224g	1611	280.920563	53.446297	64.825241
YALI0_E25845g	5819	1014.915344	193.091843	234.201889
YALI0_D18766g	1609	111.856064	21.281078	25.811909
ENSRNA049656849	0	0.0	0.0	0.0
YALI0_C04906g	1975	379.918060	72.280983	87.669899
YALI0_E18480g	18964	1358.356689	258.432983	313.454437
YALI0_A14707g	1754	33.943069	6.457809	7.832703
YALI0_F00572g	14981	447.897278	85.214310	103.356789
YALI0_E18590g	932	102.156349	19.435667	23.573603
YALI0_E04642g	1046	92.889183	17.672552	21.435110
YALI0_C24079g	3994	110.114113	20.949665	25.409935
YALI0_E09625g	107	16.121077	3.067101	3.720100
YALI0_A08822r	0	0.0	0.0	0.0
YALI0_F10747g	2042	348.822327	66.364891	80.494247
YALI0_D16841g	7795	266.407806	50.685188	61.476273
YALI0_F04444g	16412	1070.790649	203.722351	247.095673
YALI0_C14762g	33	6.556564	1.247413	1.512993
YALI0_E00176g	33375	704.458740	134.026184	162.560913
YALI0_B01408g	28716	1741.876221	331.399170	401.955414
YALI0_B22836g	4078	596.815918	113.546692	137.721268
YALI0_E09801g	847	87.980453	16.738644	20.302372
YALI0_B13794g	239	17.472464	3.324208	4.031946
ENSRNA049653442	0	0.0	0.0	0.0
YALI0_D01353g	1692	67.935959	12.925097	15.676904
YALI0_D23243g	4211	603.241150	114.769119	139.203949
YALI0_B02706g	5821	365.583954	69.553864	84.362167
YALI0_B00770g	16553	4038.089355	768.263184	931.829651
ENSRNA049655559	0	0.0	0.0	0.0
YALI0_E11407g	4643	225.850693	42.969028	52.117310
YALI0_D09471g	28	3.700134	0.703966	0.853843
ENSRNA049651172	0	0.0	0.0	0.0
YALI0_A14740g	1758	130.024902	24.737774	30.004551
ENSRNA049653717	0	0.0	0.0	0.0
YALI0_D15620g	993	74.919281	14.253703	17.288376
YALI0_D03509g	2665	194.616058	37.026512	44.909607
ENSRNA049671430	0	0.000000	0.000000	0.000000
YALI0_B18348g	4415	351.355408	66.846817	81.078781
YALI0_F20658g	3077	90.524475	17.222656	20.889429
YALI0_B08118g	19586	2736.063721	520.547424	631.374146
YALI0_E04829g	1042	98.801880	18.797466	22.799524
YALI0_A05049r	0	0.0	0.0	0.0
ENSRNA049657002	2	2.000000	0.380508	0.461520
YALI0_E20317r	0	0.0	0.0	0.0
YALI0_F29029r	0	0.0	0.0	0.0
YALI0_D00715g	1736	216.397537	41.170525	49.935902
YALI0_E17545g	2350	200.745346	38.192635	46.324001
YALI0_D18854g	3601	655.145935	124.644226	151.181488
YALI0_D26576g	164	50.901234	9.684170	11.745970
YALI0_F22935g	2021	293.159485	55.774803	67.649490
YALI0_E04895r	0	0.000000	0.000000	0.000000
YALI0_B01056g	6810	221.067184	42.058945	51.013470
YALI0_E20383g	1069	302.327728	57.519100	69.765160
YALI0_D20900g	8	0.822497	0.156483	0.189799
YALI0_A07733g	5200	629.631897	119.790070	145.293869
YALI0_D08888g	424	18.764164	3.569960	4.330019
YALI0_A06809g	1187	312.187500	59.394958	72.040390
YALI0_F29095g	1315	236.693405	45.031898	54.619377
YALI0_C06391g	4183	21.535683	4.097253	4.969574
YALI0_F24651g	3015	196.656326	37.414680	45.380417
YALI0_B18260g	2487	174.798889	33.256214	40.336597
YALI0_C21340g	6263	186.582001	35.497997	43.055668
YALI0_F17732g	48	3.665131	0.697306	0.845766
YALI0_E12081g	16293	2964.912598	564.086914	684.183289
YALI0_D03960g	2005	105.099174	19.995552	24.252689
YALI0_C00550g	636	220.536087	41.957905	50.890911
YALI0_A13541g	4785	473.786285	90.139801	109.330933
EFYLIG00000000630	1	0.064508	0.012273	0.014886
YALI0_F03476g	98	8.158416	1.552172	1.882636
YALI0_E18117g	36262	1427.829346	271.650421	329.485931
YALI0_E06347g	1599	122.867577	23.376064	28.352924
YALI0_C08349g	1019	30.010502	5.709622	6.925224
ENSRNA049673371	1	0.223397	0.042502	0.051551
YALI0_F25685g	14994	1328.366699	252.727264	306.533936
YALI0_E10351g	1083	200.276566	38.103443	46.215824
YALI0_E31339g	13624	835.441406	158.946182	192.786484
YALI0_A00869g	92	6.382131	1.214227	1.472741
YALI0_D07788g	944	136.374817	25.945873	31.469856
YALI0_A07469r	0	0.000000	0.000000	0.000000
YALI0_F14201g	3814	568.045715	108.073051	131.082245
EFYLIG00000000279	3	3.540540	0.673602	0.817015
YALI0_D17754g	358	18.904238	3.596609	4.362342
YALI0_E34045g	1236	134.170975	25.526583	30.961298
YALI0_F15213g	1844	156.292206	29.735237	36.065994
YALI0_C02629g	16596	1003.091492	190.842300	231.473419
YALI0_A13607g	13	4.950758	0.941902	1.142437
YALI0_F02585g	13298	1024.460693	194.907883	236.404572
YALI0_E19030g	1600	485.198212	92.310966	111.964348
YALI0_A08195g	65	13.388889	2.547292	3.089620
YALI0_C08613g	20	5.896024	1.121743	1.360567
YALI0_D09515r	0	0.000000	0.000000	0.000000
YALI0_E29425g	3668	138.576889	26.364826	31.978008
YALI0_D08635g	150	72.925117	13.874306	16.828203
YALI0_A14883g	37333	1957.717041	372.463776	451.762817
YALI0_E28548g	144	21.629465	4.115095	4.991216
YALI0_F11891g	3302	385.982635	73.434792	89.069359
YALI0_F26433g	1416	73.298973	13.945434	16.914474
YALI0_C24123g	1730	245.720108	46.749268	56.702381
YALI0_E09306g	3684	477.006409	90.752441	110.074013
YALI0_F18832g	15	2.574653	0.489838	0.594127
YALI0_A06974g	4056	366.051819	69.642876	84.470123
YALI0_C07843g	9006	369.272827	70.255684	85.213409
YALI0_C11671g	20528	569.251648	137.333435	166.572281
YALI0_E13189g	7984	286.547272	54.516804	66.123657
YALI0_F10541g	4229	474.476654	90.271141	109.490242
YALI0_C22231g	4969	119.902267	22.811901	27.668650
YALI0_C01573g	721	37.844513	7.200075	8.733001
YALI0_F21109g	630	41.304092	7.858274	9.531333
ENSRNA049653841	0	0.0	0.0	0.0
YALI0_B15664g	4013	228.161041	43.408581	52.650448
YALI0_F11099g	3254	357.925934	68.096893	82.594994
YALI0_D13530g	678	59.554394	11.330470	13.742773
YALI0_C00649g	1186	171.366241	32.603134	39.544479
YALI0_B22242g	1342	43.423077	8.261420	10.020310
YALI0_E05269g	729	260.950348	49.646881	60.216911
YALI0_E00462g	23321	1703.103394	324.022461	393.008179
YALI0_D15334g	126581	4984.264160	948.276855	1150.168945
YALI0_C04257g	291	74.078484	19.501282	23.653187
YALI0_D11924g	1438	100.610535	19.141569	23.216890
YALI0_E10175g	14030	882.857300	167.967255	203.728165
YALI0_D23089r	0	0.000000	0.000000	0.000000
YALI0_E01804g	696	69.877609	13.294505	16.124958
YALI0_A06303r	0	0.000000	0.000000	0.000000
ENSRNA049656928	0	0.0	0.0	0.0
YALI0_E08206g	28254	778.614258	156.582413	189.919464
YALI0_E16709g	2508	993.190186	188.958542	229.188599
YALI0_F01837g	5047	176.052155	33.494652	40.625801
YALI0_E29909g	1117	39.519455	7.518739	9.119511
YALI0_D02145g	485	42.235752	8.035526	9.746324
YALI0_E27005g	21771	2214.305176	421.280731	510.973145
YALI0_E32439g	946	70.121880	13.340978	16.181326
ENSRNA049672218	0	0.0	0.0	0.0
YALI0_D06457g	2395	378.425690	71.997055	87.325523
EFYLIG00000000225	3	1.914847	0.364308	0.441870
EFYLIG00000000504	5	5.372093	1.022063	1.239664
YALI0_C13860g	3532	323.053436	61.462250	74.547821
YALI0_C07414g	4221	528.180908	100.488602	121.883034
YALI0_C16225g	49	2.621971	0.498841	0.605046
YALI0_D15378g	6767	374.073883	71.169106	86.321297
YALI0_C06281g	18739	1290.118652	245.450409	297.707825
ENSRNA049654366	0	0.0	0.0	0.0
YALI0_D06405r	3	5.381102	1.023777	1.241743
YALI0_F06791g	15918	166.787735	31.732056	38.487942
YALI0_C15488g	142	9.536000	1.814263	2.200528
YALI0_E20823g	26	1.827934	0.347772	0.421814
YALI0_D03850r	0	0.0	0.0	0.0
YALI0_E16456g	835	195.178238	37.133465	45.039337
YALI0_A12221g	37	4.535539	0.862905	1.046621
YALI0_C23320g	724	111.237457	21.163385	25.669159
YALI0_E10769g	926	34.857571	6.631797	8.043735
YALI0_E11429g	6003	305.745850	58.169415	70.553925
YALI0_C21065g	6947	426.780426	81.196739	98.483856
YALI0_B19360g	11713	1217.031860	231.545334	280.842285
YALI0_C24376g	1031	113.336601	21.562757	26.153557
YALI0_F28765g	436	40.070129	7.623507	9.246584
YALI0_A15422g	2636	392.659302	74.705055	90.610069
YALI0_D13134g	2860	441.602448	84.016693	101.904190
YALI0_F25553g	124	6.921667	1.316876	1.597244
YALI0_B21384g	6463	294.405945	56.011948	67.937126
YALI0_E33121g	1306	148.471848	28.247381	34.261364
YALI0_F10145r	2	0.304642	0.057959	0.070299
YALI0_F16753g	2446	294.021423	55.938793	67.848389
YALI0_A14157g	395	68.376289	13.008872	15.778514
YALI0_C21868g	4713	349.430969	66.480690	80.634705
YALI0_D23419g	555	24.622252	4.684485	5.681831
YALI0_E32923r	0	0.0	0.0	0.0
YALI0_D04378g	5905	662.615540	126.065353	152.905182
YALI0_F12815g	9439	571.543762	108.738571	131.889450
YALI0_F18436g	2686	55.636925	10.585155	12.838778
YALI0_D17600g	1422	130.792343	24.883783	30.181644
YALI0_E27654g	4620	221.533707	42.147701	51.121124
YALI0_D08162g	14946	2478.572998	471.558777	571.955566
YALI0_C09592g	7	2.087542	0.397164	0.481721
YALI0_F19536g	166	11.479339	2.183992	2.648973
EFYLIG00000000164	0	0.0	0.0	0.0
ENSRNA049654570	0	0.0	0.0	0.0
YALI0_E21153g	1824	130.060730	24.744593	30.012817
YALI0_B19866g	2290	219.600189	41.779846	50.674946
YALI0_D04719g	4872	224.965256	42.800571	51.912987
YALI0_C10879g	1263	59.437298	11.308191	13.715752
YALI0_E08668r	0	0.0	0.0	0.0
YALI0_C09482g	890	96.323685	18.325979	22.227657
YALI0_D22957g	702	51.817982	9.858585	11.957519
YALI0_E31757g	6424	531.338257	101.089302	122.611633
YALI0_E22902g	1381	259.687164	49.406559	59.925419
YALI0_E05093g	2174	158.054001	30.070429	36.472546
YALI0_B02156g	317	95.127975	18.098492	21.951735
YALI0_D04334g	576	62.279743	11.848978	14.371675
EFYLIG00000000350	1	1.000000	0.190254	0.230760
YALI0_D08404g	910	91.718559	17.449835	21.164978
YALI0_E27808g	19568	1614.679688	307.199493	372.603516
YALI0_F08657g	7152	349.955414	66.580467	80.755722
YALI0_F21197g	550	24.725935	4.704211	5.705757
YALI0_D22905r	86	57.745766	10.986370	13.325414
YALI0_D13178g	891	77.226807	14.692719	17.820860
YALI0_D21538g	1272	265.908905	50.590271	61.361149
YALI0_B21802r	0	0.0	0.0	0.0
YALI0_E10131g	1567	450.746429	85.756371	104.014259
YALI0_C01859g	10694	679.289917	129.237717	156.752960
YALI0_E32989g	1468	156.865616	29.844332	36.198315
ENSRNA049672875	0	0.0	0.0	0.0
YALI0_F13673g	1928	63.545872	12.089865	14.663847
YALI0_E29997g	1895	94.509132	17.980753	21.808931
YALI0_E01628g	2914	196.169327	37.322025	45.268040
YALI0_D16511r	0	0.0	0.0	0.0
YALI0_F07381g	2074	92.072998	17.517269	21.246767
YALI0_E01276g	6463	162.356216	30.888941	37.465328
EFYLIG00000000647	1	0.003656	0.000696	0.000844
ENSRNA049655768	0	0.0	0.0	0.0
YALI0_E16797g	7335	380.480743	72.388039	87.799744
YALI0_E02750g	1607	98.327881	18.707285	22.690144
YALI0_C07084r	0	0.0	0.0	0.0
YALI0_C18799g	3526	442.866913	84.257263	102.195976
YALI0_A08558g	913	99.050537	18.844774	22.856905
YALI0_C22275g	12108	356.570221	114.243484	138.566391
YALI0_F05566g	4087	363.908264	78.231232	94.886978
YALI0_E33913g	4727	270.137512	51.394779	62.336937
YALI0_F04213g	7641	556.775635	105.928871	128.481552
YALI0_D10417g	10709	1278.434937	243.227539	295.011688
ENSRNA049673094	0	0.000000	0.000000	0.000000
YALI0_A10725g	25501	4448.207031	846.289795	1026.468384
YALI0_F09966g	95554	6283.115723	1195.388672	1449.891846
EFYLIG00000000197	0	0.0	0.0	0.0
YALI0_B01760g	1628	259.646118	49.398746	59.915943
YALI0_A00781g	520	88.264313	16.792650	20.367874
YALI0_B00132g	168	11.791056	2.243297	2.720904
YALI0_D25014g	763	51.154713	9.732396	11.804462
YALI0_E06919g	15602	400.955475	76.283440	92.524498
YALI0_B07557g	9378	237.424667	54.191647	65.729271
YALI0_F26983g	7317	494.622498	94.103981	114.139099
YALI0_C22165g	3232	302.188904	57.492687	69.733116
YALI0_E01166g	145	11.909535	2.265838	2.748245
YALI0_D08756g	5123	195.091629	37.116989	45.019348
YALI0_F07821g	1388	263.832397	50.195206	60.881969
YALI0_D06061g	2012	153.584274	29.220043	35.441109
EFYLIG00000000375	0	0.0	0.0	0.0
YALI0_A14212g	771	51.279316	9.756102	11.833217
YALI0_C06534g	422	135.257141	25.733231	31.211941
YALI0_E18370r	0	0.0	0.0	0.0
YALI0_F01606g	26257	1505.905762	286.504791	347.502869
YALI0_F22583g	1064	71.178925	13.542086	16.425251
YALI0_F27907g	4017	337.246063	64.162460	77.822906
YALI0_B06413g	565	49.519096	9.421213	11.427028
YALI0_A19624g	656	87.173912	16.585197	20.116255
YALI0_B21824g	113	6.680212	1.270938	1.541526
YALI0_F01562g	6609	227.507156	43.284180	52.499557
YALI0_F26037g	493	48.237404	9.177365	11.131265
YALI0_F18920g	21069	1432.908447	272.616760	330.657990
YALI0_E26004g	41151	3795.627441	722.133850	875.879089
YALI0_F12199g	1451	80.567657	15.328330	18.591795
YALI0_E28512g	1066	53.059170	10.094727	12.243935
YALI0_D00979g	2354	109.270805	20.789223	25.215334
YALI0_E22781g	14061	593.936035	112.998795	137.056702
YALI0_D01045g	17930	2944.499268	560.203125	679.472717
YALI0_C23452g	4818	195.155365	37.129116	45.034058
YALI0_D06864g	1601	57.392616	10.919183	13.243921
EFYLIG00000000431	0	0.0	0.0	0.0
YALI0_A05225g	3	2.051282	0.390265	0.473354
YALI0_C06578g	600	32.569893	6.196557	7.515829
YALI0_C23386g	1287	58.153473	11.063938	13.419497
YALI0_F12551g	18504	1314.215332	250.034897	303.268341
YALI0_B22594g	222	83.037041	15.798141	19.161629
YALI0_C20735g	5154	664.745850	126.470650	153.396774
YALI0_A08690r	0	0.0	0.0	0.0
YALI0_D05071g	1286	136.970459	26.059196	31.607307
YALI0_C21846g	5769	173.714966	33.049992	40.086468
YALI0_E08448g	4769	326.273041	62.074795	75.290779
YALI0_D17248g	3661	408.103210	77.643326	94.173904
YALI0_B22484g	17299	352.114868	66.991310	81.254036
YALI0_D08272g	74041	6629.474609	1261.284912	1529.817749
YALI0_F30239g	8294	1813.121216	344.953796	418.395874
YALI0_E03718g	52526	3238.723389	616.180481	747.367859
ENSRNA049654849	0	0.0	0.0	0.0
EFYLIG00000000384	5	5.321839	1.012502	1.228068
YALI0_E09713g	6	2.195122	0.417631	0.506546
EFYLIG00000000233	0	0.0	0.0	0.0
YALI0_E19052g	1429	182.837769	34.785641	42.191650
YALI0_E26213r	0	0.0	0.0	0.0
YALI0_F31251g	7780	326.967102	62.206844	75.450935
YALI0_F30701g	1736	208.665482	39.699471	48.151653
ENSRNA049671598	0	0.0	0.0	0.0
YALI0_E01188g	917	53.118755	10.106063	12.257686
YALI0_D24541g	1327	94.216599	17.925098	21.741425
YALI0_A20768g	1688	59.736420	11.365101	13.784778
YALI0_B11990r	0	0.0	0.0	0.0
YALI0_C18777g	203	55.762295	10.609007	12.867709
YALI0_E17919g	1605	104.908737	19.959320	24.208742
YALI0_F05588g	3909	368.546204	70.117439	85.045731
EFYLIG00000000236	0	0.0	0.0	0.0
YALI0_D20548g	5270	396.897095	75.511314	91.587982
YALI0_D23133g	3979	167.446671	31.857422	38.639999
YALI0_E25784g	349	29.749577	5.659980	6.865013
YALI0_F09988g	661	69.911949	13.301037	16.132883
YALI0_F16291g	26626	1537.523682	292.520233	354.799011
YALI0_E14058g	25040	1298.268066	303.705688	368.365875
ENSRNA049670497	10951	3187.319824	606.400757	735.505981
YALI0_E22759g	470	40.536751	7.712285	9.354262
YALI0_B13288g	1015	32.275677	6.140581	7.447936
YALI0_A02937g	1246	203.511322	38.718868	46.962280
YALI0_D15532g	5596	484.306763	92.141365	111.758636
YALI0_E17039r	0	0.0	0.0	0.0
ENSRNA049658773	2	1.437500	0.273490	0.331718
YALI0_A00759g	5183	176.956390	33.666687	40.834461
YALI0_D05335g	1390	117.520935	22.358843	27.119135
YALI0_F18040g	2847	117.866341	22.424559	27.198841
YALI0_E00726g	10731	811.855408	154.458847	187.343781
YALI0_E30503g	94	12.827210	2.440430	2.960007
YALI0_C10010g	24652	1565.943970	297.927307	361.357269
YALI0_D19932g	1198	127.145111	24.189882	29.340010
YALI0_E24365g	793	115.982605	22.066170	26.764149
YALI0_E26543g	292	27.444134	5.221360	6.333009
YALI0_C04301g	1331	76.197845	14.496956	17.583418
YALI0_E07227r	0	0.0	0.0	0.0
YALI0_C11385g	10873	3519.695557	669.636658	812.205078
YALI0_F18326g	59	4.726619	0.899259	1.090715
YALI0_D17864g	73901	3595.349121	684.030029	829.662903
EFYLIG00000000098	0	0.0	0.0	0.0
YALI0_A02002g	195	14.713964	2.799393	3.395395
YALI0_C01089g	54	12.407408	2.360561	2.863134
YALI0_D12144g	14780	574.571960	109.314690	132.588242
ENSRNA049656612	0	0.0	0.0	0.0
YALI0_D14916g	23810	1004.513794	191.112900	231.801636
YALI0_D08360g	196	16.889744	3.213344	3.897478
YALI0_D02871g	15248	1082.973267	206.040146	249.906952
YALI0_D27324g	3685	409.415833	77.893059	94.476807
YALI0_E09669g	206	42.089432	8.007689	9.712559
YALI0_D09064g	17	1.286822	0.244823	0.296947
ENSRNA049651406	0	0.0	0.0	0.0
YALI0_C23224g	2519	242.923584	46.217216	56.057053
YALI0_F11473g	17361	1111.165405	211.403809	256.412567
YALI0_E28153g	12077	218.822388	41.631866	50.495461
YALI0_D24607g	143	9.513227	1.809931	2.195272
YALI0_A11693r	0	0.000000	0.000000	0.000000
YALI0_A04202r	2	0.965395	0.183670	0.222775
YALI0_A17897g	9	1.601411	0.304675	0.369542
YALI0_E27203g	855	59.052704	11.235021	13.627004
EFYLIG00000000022	8	7.100000	1.350804	1.638396
YALI0_B16720g	3587	371.474884	70.674637	85.721550
YALI0_F12177g	3058	297.463379	56.593639	68.642662
ENSRNA049652676	0	0.0	0.0	0.0
ENSRNA049655614	0	0.0	0.0	0.0
YALI0_B19888g	1659	146.946487	27.957178	33.909374
YALI0_D02079g	446	68.543381	13.040662	15.817073
YALI0_F09812g	4993	1063.753174	202.383438	245.471710
YALI0_D19118g	634	61.124165	11.629126	14.105014
YALI0_F16984g	2432	289.253235	55.031624	66.748085
YALI0_B18744g	730	85.876457	16.338350	19.816853
YALI0_E34243g	1396	163.160873	31.042030	37.651009
YALI0_C11825g	1013	59.495823	11.319326	13.729258
YALI0_A10032g	1690	139.720718	26.582445	32.241959
YALI0_D26026r	6	4.616728	0.878352	1.065356
EFYLIG00000000558	0	0.0	0.0	0.0
YALI0_F15015g	3	0.515337	0.098045	0.118919
YALI0_F24013g	607	196.307693	37.348351	45.299969
YALI0_A19184g	686	68.527199	13.037582	15.813338
YALI0_C20493r	0	0.0	0.0	0.0
YALI0_D06501g	551	73.865868	14.053288	17.045288
YALI0_E03564g	5637	223.496277	42.521091	51.574005
YALI0_B18898g	11226	1203.573242	228.984787	277.736603
YALI0_F28479g	648	113.529518	21.599461	26.198074
EFYLIG00000000119	0	0.0	0.0	0.0
YALI0_E00264g	2621	168.679413	32.091953	38.924465
YALI0_C16995g	51444	3109.418945	591.579834	717.529602
YALI0_F07359g	3793	440.335632	83.775673	101.611862
YALI0_B13398g	5067	679.527222	129.282867	156.807724
YALI0_D18634g	11721	584.564941	111.215897	134.894211
YALI0_C12595g	1770	140.156082	26.665274	32.342419
EFYLIG00000000154	0	0.0	0.0	0.0
YALI0_E16126g	3259	174.428726	33.185787	40.251175
ENSRNA049652192	0	0.0	0.0	0.0
YALI0_F15191g	3677	209.423569	39.843700	48.326588
YALI0_F04818g	3703	134.759262	25.638506	31.097052
YALI0_A15642g	28	12.034632	2.289639	2.777112
YALI0_D13552g	3415	223.669266	42.554005	51.613926
ENSRNA049655252	3	2.250000	0.428072	0.519210
ENSRNA049655246	0	0.0	0.0	0.0
YALI0_C13750g	5103	429.480835	81.710503	99.107010
YALI0_D03355g	512	87.887756	16.721010	20.280981
YALI0_C14520g	9357	1012.824219	192.694000	233.719330
YALI0_A10296g	1452	36.725769	6.987229	8.474839
EFYLIG00000000244	0	0.0	0.0	0.0
YALI0_C20009r	0	0.000000	0.000000	0.000000
YALI0_E05511g	2555	394.454132	75.046532	91.024246
EFYLIG00000000607	2	2.157303	0.410436	0.497819
YALI0_A06523g	1322	120.223427	22.873003	27.742760
YALI0_D18678g	16031	469.305511	89.287315	108.296951
YALI0_A20746g	29972	6911.134766	1314.871948	1594.813599
YALI0_B15708g	4915	242.601166	46.155876	55.982651
YALI0_A00212g	684	67.471161	12.836667	15.569647
ENSRNA049670641	3	2.010786	0.382560	0.464009
YALI0_E09911g	1263	103.140778	19.622959	23.800768
YALI0_D26928g	753	216.481476	41.186497	49.955269
ENSRNA049657630	0	0.0	0.0	0.0
YALI0_B17798g	1700	91.554131	17.418550	21.127033
ENSRNA049655036	0	0.0	0.0	0.0
YALI0_F03157g	2186	198.871155	37.836060	45.891514
YALI0_D00561g	1130	51.585255	9.814308	11.903815
YALI0_B20196g	7998	825.869141	157.125015	190.577576
YALI0_B00836g	3895	353.400726	67.235947	81.550766
YALI0_C21758g	2865	99.615356	18.952234	22.987244
YALI0_E14707g	47746	4275.063965	813.348633	986.513916
YALI0_E28314g	1116	78.373695	14.910919	18.085516
YALI0_B10153g	10157	814.116638	154.889053	187.865570
ENSRNA049651701	0	0.0	0.0	0.0
YALI0_C06259g	41	11.402204	2.169316	2.631173
YALI0_C09284g	474	27.208759	5.176579	6.278694
YALI0_E29227g	225	58.950520	11.215580	13.603423
ENSRNA049652714	3	3.680754	0.700279	0.849371
YALI0_B23408g	1191	325.796753	61.984180	75.180870
EFYLIG00000000007	1	0.312069	0.059372	0.072013
ENSRNA049672480	0	0.000000	0.000000	0.000000
YALI0_A18590g	1963	135.653656	25.808668	31.303442
EFYLIG00000000258	0	0.0	0.0	0.0
YALI0_F02827g	1395	332.848694	63.325840	76.808174
YALI0_F07667g	7230	358.968536	68.295250	82.835587
YALI0_B19756g	7032	766.126221	145.758682	176.791306
YALI0_E31196g	29406	522.138000	99.338913	120.488579
YALI0_D01243g	151	13.511111	2.570545	3.117824
YALI0_D23353g	4009	613.386353	116.699287	141.545059
YALI0_D06105r	0	0.000000	0.000000	0.000000
YALI0_D11044g	542	31.178915	5.931918	7.194848
YALI0_B04708g	29472	1550.312134	294.953308	357.750092
YALI0_C05621g	6279	2516.210205	478.719391	580.640747
YALI0_E11649g	5	1.143939	0.217639	0.263975
YALI0_F26323g	12212	1403.170654	266.959045	323.795715
YALI0_D18084g	2047	244.275421	46.474407	56.369003
YALI0_E12749r	0	0.0	0.0	0.0
YALI0_F09295g	915	108.838646	20.707003	25.115610
YALI0_B22770g	301	53.020943	10.087454	12.235114
YALI0_E30349g	4672	119.239067	22.685726	27.515610
YALI0_A19580g	3382	87.157227	16.582024	20.112404
YALI0_D09823g	5306	248.102783	47.202579	57.252205
YALI0_B02544g	14369	325.538574	61.935062	75.121284
YALI0_C16687g	2171	419.948273	79.896896	96.907280
ENSRNA049658327	0	0.0	0.0	0.0
YALI0_E18546g	534	133.987579	25.491692	30.918976
YALI0_F03729g	42	27.202614	5.175410	6.277276
YALI0_C14124g	516	104.598396	19.900278	24.137129
YALI0_F00198g	4009	162.592377	30.933872	37.519821
YALI0_C02123r	0	0.0	0.0	0.0
YALI0_A11407g	693	37.258785	7.088638	8.597838
YALI0_F04015g	4117	511.415741	97.298958	118.014313
ENSRNA049655453	0	0.0	0.0	0.0
YALI0_E31867g	1184	87.992645	16.740965	20.305185
YALI0_D22000g	79	3.827268	0.728154	0.883180
YALI0_C00429g	1898	127.514961	24.260248	29.425356
YALI0_E33451g	6103	352.380798	67.041908	81.315399
ENSRNA049671388	0	0.000000	0.000000	0.000000
YALI0_F15873g	10297	700.309753	133.236832	161.603500
ENSRNA049670877	0	0.000000	0.000000	0.000000
ENSRNA049653132	3	2.270000	0.431877	0.523825
YALI0_A16313g	54	10.431600	1.984655	2.407196
YALI0_F04191g	12326	884.746277	168.326645	204.164078
YALI0_E30613g	1006	173.550415	33.018684	40.048500
YALI0_D23969g	3787	82.888382	15.769858	19.127325
YALI0_C17281g	4	0.237507	0.045187	0.054807
YALI0_C15466g	368	29.936239	5.695493	6.908088
YALI0_F13068g	207	50.690998	9.644172	11.697456
YALI0_E02860g	192	35.809258	6.812860	8.263345
YALI0_D00693g	8882	636.207825	121.041168	146.811325
YALI0_A18205g	36625	4549.939941	865.644897	1049.944214
YALI0_B12914g	1857	95.716179	18.210400	22.087467
YALI0_A00176g	785	30.970301	5.892228	7.146707
YALI0_B14146g	42528	4545.316406	864.765259	1048.877319
YALI0_A13871r	0	0.000000	0.000000	0.000000
YALI0_A05995g	2098	246.910263	46.975697	56.977016
YALI0_F26829r	0	0.000000	0.000000	0.000000
YALI0_E28006g	19	3.101307	0.590036	0.715658
YALI0_E17347g	8922	848.487732	161.428299	195.797058
YALI0_C24057g	3968	661.316833	125.818260	152.605499
YALI0_B16786g	169	33.372547	6.349265	7.701050
YALI0_F26895g	473	65.798889	12.518511	15.183753
YALI0_F08789g	3630	99.350952	18.901930	22.926228
YALI0_F17094r	0	0.0	0.0	0.0
YALI0_C04730g	21567	1282.839844	244.065582	296.028137
YALI0_E07205g	30	1.890137	0.359606	0.436168
EFYLIG00000000410	6	7.000000	1.331779	1.615320
YALI0_D06611g	511	132.292313	25.169159	30.527777
YALI0_F03883g	3907	173.737137	33.054207	40.091587
YALI0_D20306g	408	48.599289	9.246216	11.214773
YALI0_F06732g	1526	246.846161	46.963505	56.962227
YALI0_E02662g	25151	6773.872070	1288.757202	1563.138916
YALI0_C17391g	176	84.171425	16.013962	19.423401
YALI0_F14333g	1193	87.445900	16.636944	20.179018
YALI0_A17809g	5518	211.316269	40.203793	48.763348
YALI0_E29645g	8986	527.955811	100.445778	121.831093
YALI0_B18821r	6	4.385504	0.834360	1.011999
YALI0_E01342r	0	0.0	0.0	0.0
YALI0_D16907g	91	3.424624	0.670802	0.813619
YALI0_F18403g	460	138.373138	34.960026	42.403164
EFYLIG00000000536	3	3.246914	0.617739	0.749258
YALI0_E06545g	70	14.349593	2.730070	3.311312
YALI0_C23430g	1008	40.906311	7.782595	9.439542
YALI0_E25069g	12218	273.658905	52.064739	63.149536
YALI0_B19162g	2806	219.116776	41.687874	50.563393
YALI0_A03201g	11	0.902012	0.171612	0.208148
YALI0_B06963g	1116	78.248611	14.887121	18.056650
YALI0_D08866g	13219	1225.937500	233.239685	282.897369
YALI0_E10021g	629	30.123932	5.731203	6.951399
YALI0_C23122g	2096	301.542725	57.369751	69.584007
YALI0_E19316r	1	0.648649	0.123408	0.149682
YALI0_E18568g	62990	5109.967285	972.192383	1179.176147
YALI0_E19701g	17557	3497.296143	915.638000	1110.581055
YALI0_C14586g	2586	475.706726	90.505173	109.774094
YALI0_C22704g	4223	251.162567	47.784718	57.958279
YALI0_E34925g	6191	509.582733	96.950226	117.591324
YALI0_C04455g	110461	14194.088867	2700.484131	3275.428223
YALI0_F01100g	208	30.713449	5.843361	7.087437
YALI0_B21582g	17729	2086.927734	397.046631	481.579498
YALI0_E07073g	9969	1145.444824	217.925598	264.322876
YALI0_F19492g	4054	802.658875	152.709167	185.221588
YALI0_D03135g	38215	3224.437012	613.462463	744.071167
YALI0_F11077g	3700	1368.523804	260.367310	315.800568
YALI0_C23254g	25	4.503663	0.856841	1.039265
YALI0_B05918g	1381	98.697098	18.777533	22.775345
YALI0_F02387g	7102	125.363045	23.850838	28.928780
YALI0_B02852g	4879	954.957336	181.684586	220.365967
YALI0_A14476g	5302	505.579803	96.188644	116.667610
YALI0_A07689g	3733	163.407883	31.089027	37.708008
YALI0_D07766g	596	145.181152	27.621313	33.502007
YALI0_D13024g	6739	494.220764	94.027542	114.046394
YALI0_F04554g	12249	1023.275452	194.682388	236.131073
YALI0_D25498g	316	35.388889	6.732883	8.166341
ENSRNA049653267	0	0.0	0.0	0.0
YALI0_D16940g	309	43.490936	8.274330	10.035970
YALI0_D06754g	6842	390.378540	74.271133	90.083755
YALI0_B23232g	18163	956.936340	182.061096	220.822647
YALI0_D12540g	3410	79.060379	15.041564	18.243975
YALI0_D09383g	478	60.451126	11.501077	13.949704
YALI0_D10967g	237	19.704620	3.748886	4.547039
YALI0_E32329g	185	12.613253	2.399724	2.910635
YALI0_E08107r	1	0.201057	0.038252	0.046396
YALI0_C09394g	1563	203.934113	38.799309	47.059841
YALI0_F31515g	535	47.944889	9.121714	11.063764
YALI0_D12903g	47094	6074.686035	1155.734131	1401.794678
YALI0_E06303r	0	0.0	0.0	0.0
YALI0_B04004g	5527	395.036102	75.157249	91.158539
YALI0_E26235g	6505	583.980469	111.104698	134.759354
YALI0_E23155g	13145	1932.436646	367.654083	445.929108
YALI0_D11748g	1609	214.071152	40.727921	49.399063
YALI0_E20471g	159	10.662683	2.028620	2.460521
YALI0_C14036g	947	85.409294	16.249472	19.709051
YALI0_D18788g	3844	137.662766	26.190908	31.767063
YALI0_C22719g	169	105.006172	19.977858	24.231228
YALI0_B21032g	1453	104.292114	19.842007	24.066450
EFYLIG00000000173	0	0.0	0.0	0.0
ENSRNA049673323	88	57.604130	10.959424	13.292730
YALI0_D19844g	216	67.666664	12.873863	15.614761
YALI0_E24849g	6752	387.878265	73.795441	89.506798
YALI0_E14729g	2322	47.087147	8.958524	10.865831
YALI0_D01023g	81	27.826529	5.294112	6.421250
YALI0_C08965g	501	109.439392	20.821297	25.254236
YALI0_D17138g	5557	502.893372	95.677544	116.047691
YALI0_C15653g	985	51.866459	9.867808	11.968705
YALI0_F15939g	11082	434.820129	82.726326	100.339104
YALI0_D17116g	18256	1202.731201	228.824585	277.542297
YALI0_B08096g	8430	322.488251	61.354721	74.417397
YALI0_B17886g	377	46.072727	8.765527	10.631743
YALI0_F13277g	6677	198.049042	37.679649	45.701801
YALI0_E23001g	9435	1557.068604	296.238739	359.309174
ENSRNA049670947	0	0.0	0.0	0.0
YALI0_C20273g	322	28.015545	5.330073	6.464868
YALI0_E22462g	143	8.728977	1.660724	2.014299
YALI0_B09977g	13425	623.378418	118.600327	143.850830
YALI0_B03542g	6089	949.040100	180.558807	219.000519
YALI0_D26411g	219	34.081791	6.484201	7.864715
YALI0_E12221g	14867	779.627747	148.327393	179.906921
YALI0_C00407g	6954	1540.127197	293.015564	355.399811
YALI0_C09232g	23887	1531.794312	291.430206	353.476898
YALI0_D07854g	7006	357.327271	67.982994	82.456848
YALI0_B18298g	1131	594.552063	113.115997	137.198853
EFYLIG00000000361	0	0.000000	0.000000	0.000000
ENSRNA049673114	0	0.000000	0.000000	0.000000
YALI0_A10769g	39	1.211413	0.230476	0.279546
YALI0_A01001g	1104	102.904892	19.578081	23.746334
YALI0_B21296g	957	111.017242	21.121489	25.618341
YALI0_C24211g	308	26.172560	4.979438	6.039581
YALI0_F03707g	667	71.725243	13.646025	16.551319
YALI0_C00231g	672	47.165623	8.973455	10.883941
YALI0_E27918g	10387	412.342773	78.449921	95.152229
YALI0_F23837g	1269	144.305176	27.454657	33.299866
YALI0_C09064r	1	0.284490	0.054125	0.065649
YALI0_A01155g	2002	164.792175	31.352392	38.027447
YALI0_E23804g	2801	162.585632	30.932587	37.518265
YALI0_E34419g	2	0.194605	0.037024	0.044907
YALI0_D10549g	1296	44.180008	8.405430	10.194980
YALI0_C03630g	1961	138.371063	26.325666	31.930508
YALI0_F09361g	138	30.458334	5.794824	7.028566
YALI0_E04422g	18832	3541.783936	673.838989	817.302124
YALI0_E07117g	310	56.297298	10.710794	12.991166
YALI0_C23518g	2675	237.604218	45.205185	54.829556
ENSRNA049656955	41	50.629631	9.632497	11.683295
YALI0_E32065g	3210	493.464233	93.883606	113.871819
YALI0_E28270g	501	57.867126	11.009459	13.353420
ENSRNA049650599	18	20.395350	3.880300	4.706431
YALI0_A15510r	0	0.0	0.0	0.0
YALI0_F25047g	4404	449.230316	85.467926	103.664398
YALI0_E25135g	8612	749.150757	142.529022	172.874054
YALI0_C02079r	0	0.0	0.0	0.0
YALI0_D06479g	216	44.960663	8.553952	10.375124
YALI0_E10241g	1196	66.411438	12.635051	15.325105
ENSRNA049671084	1	0.142613	0.027133	0.032909
YALI0_F28501g	14319	906.124695	172.393982	209.097351
YALI0_B02222g	1986	412.639923	78.506454	95.220802
YALI0_B10428g	6291	163.800461	31.163715	37.798599
YALI0_E34687g	3796	417.629639	79.455765	96.372223
YALI0_D15180g	4	0.817204	0.155476	0.188578
YALI0_E08387g	0	0.0	0.0	0.0
YALI0_C17941g	12254	763.949402	145.344528	176.288971
YALI0_A06347g	814	88.092178	16.759901	20.328154
YALI0_C18535g	1427	107.691330	20.488720	24.850853
YALI0_C04279g	159	13.949521	2.653954	3.218992
YALI0_D19250g	325	57.136127	10.870384	13.184734
YALI0_E25223g	11821	808.882141	153.893173	186.657654
YALI0_E33803g	62	7.549091	1.436246	1.742028
YALI0_F13959g	2	0.076952	0.014640	0.017757
YALI0_F30151g	6973	785.062439	149.361374	181.161041
YALI0_E06809g	1941	364.940369	69.431412	84.213654
YALI0_F11737g	29	4.037037	0.768063	0.931587
YALI0_D16929g	677	37.836349	7.198522	8.731116
YALI0_B14421g	204	54.304234	10.331605	12.531246
YALI0_E13640g	1127	119.255768	22.688904	27.519464
YALI0_E03498g	506	30.355318	5.775225	7.004794
YALI0_F27467g	438	61.363888	11.674733	14.160333
YALI0_F24915g	5370	231.149185	43.977089	53.339993
YALI0_B16258g	5122	147.363235	28.036465	34.005543
YALI0_F28127g	2796	448.153961	85.263145	103.416016
YALI0_E02574g	375	99.270340	18.886593	22.907625
YALI0_D13728g	17816	4442.970215	845.293457	1025.259888
YALI0_E25674g	2801	241.124466	45.874924	55.641888
YALI0_B23056g	4894	722.597961	137.477249	166.746719
YALI0_F16720r	0	0.000000	0.000000	0.000000
YALI0_D03069g	1980	314.297180	59.796341	72.527229
ENSRNA049656443	0	0.0	0.0	0.0
YALI0_A11957r	0	0.0	0.0	0.0
ENSRNA049656245	9	9.202127	1.750743	2.123483
YALI0_E32307g	2065	138.482727	26.346912	31.956276
YALI0_F13167g	3224	180.299561	34.302738	41.605934
YALI0_C22550g	12121	244.618927	51.444145	62.396816
YALI0_C04070g	1897	109.497429	20.832338	25.267630
YALI0_B12188g	44851	1157.072754	220.137894	267.006134
YALI0_C05797g	1138	80.966881	15.404284	18.683920
YALI0_B20922g	44608	3792.419189	721.523438	875.138733
YALI0_D05819g	32	2.129740	0.405192	0.491459
YALI0_A19030g	1115	353.949677	67.340393	81.677437
YALI0_F22319g	939	75.754593	14.412625	17.481133
YALI0_F06072g	3733	152.298584	28.975435	35.144424
YALI0_F09119g	142	17.549814	3.338925	4.049796
YALI0_D22979g	978	37.232277	7.083594	8.591721
ENSRNA049670140	0	0.0	0.0	0.0
YALI0_C17457r	0	0.0	0.0	0.0
YALI0_F20262g	1040	103.875374	19.762718	23.970284
ENSRNA049655954	0	0.0	0.0	0.0
YALI0_B11506g	10371	589.756775	112.203659	136.092300
YALI0_E34037g	6591	1720.025879	327.242035	396.913208
YALI0_D20460g	2089	78.201332	14.878127	18.045742
EFYLIG00000000242	0	0.0	0.0	0.0
YALI0_C16269g	0	0.0	0.0	0.0
YALI0_E14212g	13494	3244.895264	617.354736	748.792114
YALI0_F25443g	1145	125.125542	23.805653	28.873974
YALI0_E10725g	619	43.870876	8.346616	10.123645
YALI0_B17820g	248	31.877394	6.064806	7.356028
YALI0_E20845g	1475	77.791016	14.800063	17.951057
YALI0_C06105g	90	4.806349	0.914428	1.109113
YALI0_C05709g	628	46.448353	8.836991	10.718423
YALI0_C15070g	7320	276.861389	52.674023	63.888538
EFYLIG00000000010	0	0.0	0.0	0.0
YALI0_A20064g	581	49.629436	9.442205	11.452490
YALI0_D23045g	344	21.332718	4.058638	4.922739
YALI0_E30877g	14506	1078.022827	205.098297	248.764572
YALI0_F11341g	1859	230.836411	43.917580	53.267818
ENSRNA049655212	1	0.965517	0.183694	0.222803
YALI0_A09218r	0	0.0	0.0	0.0
YALI0_B00594g	4379	185.897873	35.367840	42.897797
YALI0_C10472g	4900	659.812012	125.531960	152.258240
YALI0_B22132g	4163	410.992157	78.192955	94.840561
YALI0_A07909r	0	0.0	0.0	0.0
YALI0_C09889g	356	19.425865	3.695851	4.482713
YALI0_F27049g	11545	2399.228516	456.463135	553.645996
YALI0_D04180g	636	67.233749	12.791499	15.514862
YALI0_B08921g	17305	2532.972412	481.908478	584.508728
YALI0_D02123g	2480	143.947708	27.386646	33.217377
YALI0_B14839g	5075	367.424377	69.904007	84.786858
YALI0_D00495g	238	14.694241	2.795640	3.390843
YALI0_D14124r	0	0.0	0.0	0.0
YALI0_E05225g	3267	267.594482	50.910957	61.750111
YALI0_F02233g	3633	590.742371	112.391174	136.319733
YALI0_E30415g	825	151.673035	28.856421	35.000076
YALI0_A08448g	9558	972.084595	184.943115	224.318268
YALI0_F16533r	0	0.0	0.0	0.0
YALI0_F09647g	57	14.682171	2.793344	3.388058
YALI0_D03784g	246	55.945946	10.643948	12.910088
YALI0_C08899g	47	4.309259	0.819854	0.994405
YALI0_D24629g	1686	426.602753	81.162941	98.442863
YALI0_F00374g	37	14.462745	2.751597	3.337423
YALI0_E06897g	1057	87.803291	16.704939	20.261490
YALI0_A03773g	2073	210.793549	40.104343	48.642727
ENSRNA049655878	0	0.0	0.0	0.0
YALI0_A16335r	0	0.000000	0.000000	0.000000
ENSRNA049672097	0	0.0	0.0	0.0
YALI0_C03399g	3966	154.345276	29.364826	35.616722
YALI0_E21648g	2919	440.654694	83.836380	101.685486
YALI0_B16676g	1065	44.013512	8.373753	10.156559
EFYLIG00000000152	0	0.0	0.0	0.0
YALI0_F15367g	2194	74.364555	14.148165	17.160366
YALI0_F08679g	2256	76.324120	14.520979	17.612556
YALI0_E31779g	3140	153.186951	29.144449	35.349422
YALI0_C21890g	8883	745.710693	141.874542	172.080231
ENSRNA049672765	130	82.556961	15.706803	19.050846
YALI0_C13002g	798	87.724403	16.689930	20.243284
YALI0_B09229g	21247	2368.558594	450.628082	546.568665
YALI0_C00165g	2873	216.843796	41.255428	50.038879
YALI0_A21153g	387	63.856209	12.148908	14.735460
YALI0_B07447g	74121	4332.263672	824.231079	999.713196
YALI0_E01914g	1151	368.987305	70.201363	85.147514
YALI0_C24145g	6056	518.775208	98.699127	119.712578
YALI0_C23859g	38227	1838.535278	349.788940	424.260437
YALI0_C21692g	1038	100.039162	19.032866	23.085039
YALI0_A00825g	662	47.358154	9.010084	10.928370
YALI0_B04158g	3828	223.341995	42.491741	51.538406
YALI0_A03971g	473	28.052910	5.337182	6.473490
YALI0_B07579g	5941	225.731750	42.946400	52.089863
YALI0_E00902g	4147	133.475464	25.394260	30.800802
YALI0_D15774g	1312	91.971527	17.497963	21.223352
YALI0_B11088g	3966	223.233536	42.471104	51.513378
YALI0_F01012g	878	77.366493	14.719296	17.853094
YALI0_C12210g	10042	194.053497	40.739632	49.413269
YALI0_E23628g	20775	1124.431885	213.927811	259.473938
YALI0_C00275g	2029	132.361115	25.182249	30.543653
YALI0_F27841g	811	112.706612	21.442898	26.008181
YALI0_E29469g	783	342.281372	65.120453	78.984856
YALI0_F28611g	283	37.104168	7.059222	8.562159
YALI0_B13948g	2069	580.405579	110.424561	133.934402
EFYLIG00000000382	0	0.0	0.0	0.0
YALI0_D22704r	0	0.000000	0.000000	0.000000
YALI0_B17622g	37313	2013.134521	383.007172	464.550964
YALI0_D21604g	8951	535.255188	101.834511	123.515503
YALI0_E08558g	401	43.634304	8.301606	10.069053
YALI0_B07293g	1098	107.735962	20.497213	24.861153
YALI0_D01419g	3610	176.874329	33.651073	40.815525
YALI0_A16797g	16418	873.171143	166.124420	201.492996
YALI0_C06996g	1377	138.766464	26.400894	32.021751
YALI0_D14102g	940	191.791916	36.489208	44.257908
YALI0_E22825g	1806	83.846893	15.952217	19.348513
YALI0_F13321g	4216	174.562943	33.211319	40.282150
YALI0_B17380g	5631	502.824036	95.664352	116.031685
YALI0_F05038g	420	35.378445	6.730896	8.163931
YALI0_D00957g	7890	459.515045	87.424637	106.037704
YALI0_C01826g	166	16.652695	3.168244	3.842776
YALI0_D02739g	2043	158.088882	30.077065	36.480595
YALI0_F05016g	83	8.315315	1.582023	1.918842
YALI0_D25564g	3482	476.462067	90.648880	109.948402
YALI0_E15994g	2639	504.687500	96.018883	116.461700
ENSRNA049657722	9	8.606383	1.637400	1.986009
YALI0_E28248g	1979	239.610306	45.586849	55.292480
YALI0_B11000g	3249	320.712616	61.016899	74.007652
YALI0_A18986g	5626	339.438477	64.579575	78.328827
YALI0_C24398g	1383	174.948624	33.284702	40.371147
YALI0_B21978g	1978	79.082741	15.045818	18.249136
YALI0_B16874g	8045	386.896667	73.608688	89.280289
YALI0_B01584g	780	69.617149	13.244950	16.064856
YALI0_F04422g	14108	1263.207397	240.330444	291.497772
YALI0_C05951g	148985	10384.673828	1975.727173	2396.367676
YALI0_F32065g	16159	909.681152	173.070602	209.918045
YALI0_B10406g	7707	747.709839	142.254898	172.541534
YALI0_E30437r	0	0.0	0.0	0.0
YALI0_F07931g	1525	136.151199	26.441031	32.070438
YALI0_D21560g	1189	28.146610	5.355009	6.495112
YALI0_D17512g	2233	223.710312	42.561813	51.623394
YALI0_A05555g	1334	122.659378	23.336454	28.304880
YALI0_D26752g	3983	104.095490	19.804598	24.021078
YALI0_F12221g	7902	328.838470	62.562881	75.882774
YALI0_B08426g	102	19.804264	3.767843	4.570033
EFYLIG00000000142	0	0.000000	0.000000	0.000000
YALI0_B03234g	8	1.489695	0.283421	0.343762
EFYLIG00000000628	0	0.0	0.0	0.0
YALI0_F27973g	635	92.126434	17.527435	21.259098
YALI0_C15576g	12728	1846.932495	351.386566	426.198181
YALI0_D23947g	20192	958.795044	182.414719	221.251572
YALI0_C01617g	2389	201.068329	38.254082	46.398533
YALI0_E10813g	2284	139.261475	26.495071	32.135983
YALI0_A11099g	3218	136.752518	26.017733	31.557013
YALI0_B03146g	1481	89.654678	17.057175	20.688717
ENSRNA049670916	0	0.000000	0.000000	0.000000
YALI0_D12881g	962	99.571289	18.943850	22.977074
YALI0_A10120g	1448	78.864616	15.004319	18.198801
EFYLIG00000000323	0	0.0	0.0	0.0
YALI0_C02783g	0	0.000000	0.000000	0.000000
YALI0_A05027g	6620	857.089722	163.064865	197.782043
YALI0_E13277g	141841	4517.770996	859.524597	1042.520874
ENSRNA049655086	0	0.0	0.0	0.0
YALI0_E07832g	195886	30113.308594	5729.181152	6948.947754
YALI0_C07887g	2151	310.668091	59.105892	71.689781
ENSRNA049671111	0	0.000000	0.000000	0.000000
YALI0_B03278g	1671	174.665634	33.230858	40.305847
YALI0_D01485g	659	55.148426	10.492216	12.726052
YALI0_C16566g	11147	214.310303	40.773422	49.454250
YALI0_D13706g	22310	1796.857300	341.859528	414.642853
YALI0_E31515g	1715	175.955292	33.476223	40.603447
YALI0_D07942g	3278	224.292007	42.672482	51.757629
YALI0_B07227g	731	99.564102	18.942482	22.975414
YALI0_C13310g	5778	192.401581	36.605198	44.398594
YALI0_E04092g	6284	298.347900	56.761921	68.846771
YALI0_C23771g	1048	153.928680	29.285568	35.520588
YALI0_E17633g	8797	677.722351	128.939468	156.391235
YALI0_F14729g	1685	160.228821	30.484196	36.974407
YALI0_C01375g	5241	226.772064	43.144321	52.329926
ENSRNA049657138	2	1.583333	0.301236	0.365370
YALI0_D11770g	10937	909.151428	172.969818	209.795807
YALI0_E03740g	779	235.152695	46.003765	55.798153
YALI0_D26125g	501	99.694290	18.967251	23.005457
YALI0_C10945g	10849	495.574402	94.285080	114.358765
ENSRNA049650662	0	0.0	0.0	0.0
YALI0_A07953r	0	0.0	0.0	0.0
YALI0_B20108g	10690	569.093811	116.134804	140.860382
YALI0_C02475g	760	45.511864	8.658820	10.502319
YALI0_E13167g	518	39.488285	7.512810	9.112317
YALI0_F08833g	5039	246.923340	46.978188	56.980038
YALI0_C04048g	1647	128.618713	24.470243	29.680058
YALI0_D08910g	2349	239.550507	45.575478	55.278683
YALI0_D14366g	776	71.136238	13.533964	16.415401
YALI0_B09449g	740	35.392128	6.733499	8.167089
YALI0_A02585g	546	53.860214	10.247128	12.428784
YALI0_F08195g	8608	1145.463745	217.929214	264.327271
YALI0_E02112g	416	26.025450	4.951449	6.005633
YALI0_F16775r	0	0.0	0.0	0.0
YALI0_F13607g	5250	294.064331	55.946953	67.858292
YALI0_F14883g	3195	159.820709	30.406551	36.880230
YALI0_E05445g	134	38.341885	7.294703	8.847775
YALI0_A11891g	23	8.906977	1.694589	2.055374
YALI0_C02981g	1126	130.622986	24.851564	30.142563
YALI0_A10208g	0	0.0	0.0	0.0
YALI0_C08184g	208	18.186632	3.460082	4.196748
YALI0_B09031g	882	140.597153	26.749189	32.444202
YALI0_E24915g	3465	188.407104	35.845230	43.476830
YALI0_A18832g	815	47.841187	9.101983	11.039834
YALI0_F06974g	1	0.102564	0.019513	0.023668
YALI0_E25520r	0	0.0	0.0	0.0
YALI0_F09185g	64046	4178.671875	795.009583	964.270447
YALI0_D14674g	609	64.449684	12.261819	14.872411
YALI0_C20999g	11926	723.400574	137.629959	166.931931
YALI0_B07645g	426	28.764391	5.472544	6.637671
YALI0_E30151g	370	61.925373	11.781558	14.289901
YALI0_B18172g	2303	71.710144	13.643152	16.547834
YALI0_A20658g	8588	606.080383	115.309303	139.859131
YALI0_F25223g	1572	330.733337	62.923382	76.320038
YALI0_B09911r	0	0.0	0.0	0.0
YALI0_B11792g	119	11.538536	2.195254	2.662633
YALI0_F07733g	4673	405.391754	77.127464	93.548210
YALI0_E11737g	2945	326.042755	62.030979	75.237633
YALI0_F21362g	5616	198.370056	37.740723	45.775883
YALI0_E28600g	457	57.773182	10.991587	13.331740
YALI0_E17369g	1846	303.130096	57.671753	69.950310
YALI0_F03498g	3426	217.602509	41.399776	50.213963
YALI0_A17171g	1397	33.472122	6.368210	7.724028
YALI0_E25047g	28151	3731.284668	709.892334	861.031372
YALI0_F25135g	30918	1785.413330	339.682281	412.002045
YALI0_D26488g	408	24.636766	4.687247	5.685181
YALI0_F13541g	35901	4196.651855	798.430359	968.419495
YALI0_B01738g	46834	4182.291016	795.698181	965.105591
YALI0_C05753g	34617	3458.196777	657.936218	798.013550
YALI0_E07986g	668	126.331459	24.035084	29.152250
YALI0_F10241g	130	5.664062	1.077611	1.307039
YALI0_B01716g	18449	2760.403076	525.178101	636.990723
YALI0_D26598g	1303	115.399124	21.955160	26.629505
YALI0_C03586g	505	24.136364	4.592043	5.569708
ENSRNA049670591	0	0.000000	0.000000	0.000000
YALI0_A01562g	283	8.492546	1.615742	1.959740
YALI0_E03058g	3040	323.828064	61.609627	74.726570
YALI0_C10135g	256	20.918285	3.979790	4.827104
YALI0_E21670g	2152	288.648041	54.916481	66.608429
YALI0_F19624g	2625	153.113831	31.121847	37.747818
YALI0_C00605g	10590	1791.608032	340.860840	413.431519
EFYLIG00000000276	4	4.638158	0.882429	1.070301
ENSRNA049655385	0	0.0	0.0	0.0
YALI0_A18920g	35	2.092954	0.398193	0.482970
EFYLIG00000000301	0	0.0	0.0	0.0
YALI0_E23606g	559	495.078949	94.190819	114.244431
YALI0_A12199g	142	24.769096	4.712423	5.715717
YALI0_B05368g	14642	860.236084	163.663467	198.508102
ENSRNA049654585	0	0.0	0.0	0.0
EFYLIG00000000092	0	0.0	0.0	0.0
YALI0_D04851g	18657	1327.895020	252.637512	306.425079
YALI0_E27049g	2796	66.009819	12.558640	15.232428
YALI0_C06688r	26	21.747999	4.137647	5.018569
YALI0_D07656g	3363	563.207275	107.152512	129.965729
YALI0_F30415g	2551	216.804718	41.247993	50.029861
YALI0_C13904g	6899	183.583664	34.927551	42.363770
YALI0_B16412g	290	16.814047	3.198942	3.880010
YALI0_E09647g	196	46.697399	8.884373	10.775893
YALI0_B00682g	9	1.575049	0.299660	0.363458
EFYLIG00000000273	0	0.0	0.0	0.0
YALI0_B10802g	10893	362.375153	68.943375	83.621704
YALI0_E25443g	6	1.096774	0.208666	0.253092
YALI0_F10725g	1258	64.443428	12.260629	14.870967
YALI0_D00099r	1	0.171136	0.032559	0.039491
YALI0_B04796g	8659	1022.769592	194.586136	236.014343
YALI0_B03322g	4116	577.299988	109.833710	133.217758
YALI0_D26257g	35	1.751266	0.333186	0.404122
ENSRNA049671572	0	0.000000	0.000000	0.000000
YALI0_E20933g	3795	120.625748	22.949549	27.835600
YALI0_B09075g	1257	236.268158	44.950993	54.521248
YALI0_B11814g	267	14.217299	2.704900	3.280784
YALI0_D03916g	1663	243.298553	46.288555	56.143581
YALI0_B12100g	3859	262.438416	49.929996	60.560295
YALI0_F30877g	2768	396.469513	75.429962	91.489311
YALI0_F06930r	0	0.0	0.0	0.0
YALI0_E11341g	4638	248.191315	47.219425	57.272633
YALI0_C15048g	3484	126.246857	24.018986	29.132729
YALI0_B18238g	867	197.078827	37.495060	45.477917
YALI0_A10186g	1231	59.593285	11.337869	13.751748
YALI0_D03938g	364	21.398602	4.071172	4.937942
YALI0_A06435g	24626	1756.468262	334.175354	405.322662
YALI0_B18216g	538	28.521561	5.426345	6.581636
YALI0_E31108g	10	1.343179	0.255545	0.309952
YALI0_F29183g	4881	760.746887	144.735245	175.549973
YALI0_B23496g	38268	10560.234375	2009.128174	2436.879883
YALI0_B02442g	0	0.0	0.0	0.0
YALI0_E14278r	0	0.0	0.0	0.0
YALI0_E23562g	10803	2537.193115	497.889008	603.891602
YALI0_D19646g	286	17.204302	3.273190	3.970065
YALI0_D14410g	5139	322.127228	61.286037	74.334091
YALI0_D10329g	883	75.423859	14.349701	17.404812
YALI0_E32967g	50208	5452.596680	1037.379028	1258.241333
YALI0_D13992g	444	16.470783	3.133635	3.800798
YALI0_E29506g	4145	85.289124	16.226608	19.681320
YALI0_E06853g	6952	903.575317	171.908936	208.509064
YALI0_F28193g	18589	1219.907104	232.092377	281.505798
YALI0_C02431g	1165	124.483597	23.683519	28.725840
YALI0_D25212g	12479	792.673584	150.809433	182.917374
YALI0_E18029g	22387	1600.133057	304.431915	369.246765
YALI0_C16027g	7864	1225.575562	233.170807	282.813843
YALI0_A07821g	1981	137.745880	26.206722	31.786245
YALI0_D10395r	1	1.158537	0.220416	0.267344
YALI0_C22394g	4685	2585.699463	491.940033	596.676086
YALI0_C01507g	5754	389.718323	74.145523	89.931412
YALI0_B19316g	1335	98.947868	18.825241	22.833214
YALI0_C01331g	339	46.346882	8.817686	10.695007
YALI0_F22825g	2278	198.655441	37.795021	45.841736
YALI0_F27665g	9078	898.842163	171.008438	207.416840
YALI0_E13321g	1341	195.409805	37.177525	45.092773
YALI0_B08140g	15765	2073.187500	394.432495	478.408783
YALI0_E07348r	0	0.0	0.0	0.0
YALI0_E01298g	93493	24212.207031	4606.472656	5587.209473
YALI0_A05489r	0	0.000000	0.000000	0.000000
YALI0_E06963r	0	0.000000	0.000000	0.000000
YALI0_F29733r	0	0.0	0.0	0.0
EFYLIG00000000065	1	0.317647	0.060434	0.073300
YALI0_B19338g	14229	836.015686	159.055435	192.919006
YALI0_A17237g	123	27.905405	5.309119	6.439452
YALI0_C21494g	4035	264.777130	50.374947	61.099979
YALI0_B12364g	5543	749.325317	142.562241	172.914322
YALI0_B08382g	551	107.717056	20.493616	24.856791
YALI0_B01342g	1866	113.146553	21.526600	26.109701
YALI0_E04939g	780	55.371307	10.534620	12.777485
YALI0_D21593g	504	143.646896	27.329416	33.147961
YALI0_A21197g	3560	172.445557	32.808479	39.793541
YALI0_B11528g	176	51.821636	9.859281	11.958362
YALI0_C21318g	12039	532.566772	101.323029	122.895126
YALI0_D18700g	845	68.803871	13.090221	15.877183
YALI0_D13684g	9364	278.210358	55.464359	67.272949
YALI0_C08305g	3719	378.258820	71.965302	87.287010
YALI0_E12441g	7172	1155.237671	219.788742	266.582672
YALI0_A13673g	1961	133.081985	25.319399	30.710003
YALI0_B06776g	194	15.038491	2.861135	3.470283
YALI0_B15037g	4100	302.682739	57.586643	69.847076
YALI0_F16181g	8012	777.297791	147.884125	179.369263
YALI0_C13838g	15	3.911458	0.744171	0.902608
YALI0_D05401g	183	9.596766	1.825824	2.214550
YALI0_D21164g	358	50.501400	9.608100	11.653705
YALI0_C13816g	2715	613.306458	116.684090	141.526611
EFYLIG00000000028	0	0.0	0.0	0.0
YALI0_E01012g	11	1.931217	0.367422	0.445648
YALI0_F14157g	12	1.896040	0.360729	0.437530
YALI0_B13970g	97037	5329.332031	1013.927429	1229.796875
YALI0_E17721g	869	205.910797	39.175381	47.515980
YALI0_D00110g	53	10.495010	1.996719	2.421829
YALI0_A12815g	7	0.874378	0.166354	0.201771
YALI0_B17424g	2577	367.564972	69.930756	84.819298
YALI0_E34485g	283	14.429944	2.745357	3.329854
YALI0_B00880g	4746	275.008606	52.321526	63.460995
EFYLIG00000000552	0	0.0	0.0	0.0
YALI0_F07975g	2196	339.105499	64.516228	78.251991
YALI0_B05346g	3845	619.303101	117.824974	142.910400
YALI0_A19536g	48547	4656.376953	885.894958	1074.505615
YALI0_C05324g	14725	1099.162598	209.120224	253.642792
YALI0_C15609g	32	6.767742	1.287591	1.561724
YALI0_C03520g	9290	604.905884	115.085846	139.588089
YALI0_A05423g	188	60.586540	11.526840	13.980951
YALI0_E17083g	361	62.165813	11.827304	14.345385
YALI0_E10681g	1068	46.308418	8.810368	10.686132
YALI0_F00902g	1714	322.256989	61.310726	74.364029
YALI0_E07920g	2616	144.818527	27.552322	33.418327
EFYLIG00000000519	0	0.0	0.0	0.0
YALI0_D24167g	17736	1860.136597	353.898682	429.245178
YALI0_F07194g	1165	461.407837	87.784752	106.474487
YALI0_A11605g	1085	68.249847	12.984816	15.749336
YALI0_A21098g	596	121.513130	23.118376	28.040373
YALI0_E25916g	874	181.469131	34.525253	41.875824
ENSRNA049656114	5	5.843373	1.111726	1.348417
YALI0_A16868g	606	370.600006	70.508186	85.519669
YALI0_F09669g	20502	2578.558594	591.575317	717.524109
YALI0_D11132g	15537	721.467102	137.262100	166.485764
YALI0_A03179g	44	6.642750	1.263811	1.532881
YALI0_E11473g	390	16.388334	3.117949	3.781772
YALI0_F05104g	1872	96.067070	18.277157	22.168440
ENSRNA049656409	0	0.0	0.0	0.0
YALI0_F27203g	4471	241.198181	45.888954	55.658897
YALI0_D20966g	13683	1218.652588	231.853683	281.216278
YALI0_E05137g	43401	3981.307861	757.460266	918.726685
YALI0_A15664r	0	0.0	0.0	0.0
YALI0_E03212g	1776	103.243523	19.642508	23.824478
YALI0_D08778g	5789	583.506958	111.014618	134.650070
YALI0_A18359g	788	69.265450	13.178038	15.983697
YALI0_C22341g	10533	624.258789	118.767815	144.053986
ENSRNA049655892	0	0.0	0.0	0.0
YALI0_B21208g	1331	180.607529	34.361332	41.676998
YALI0_F26543g	4393	524.403076	99.769852	121.011269
EFYLIG00000000158	0	0.0	0.0	0.0
YALI0_F24365g	1486	274.776550	52.277374	63.407444
YALI0_F00726g	4	1.000000	0.190254	0.230760
YALI0_F30503g	484	35.110634	6.679943	8.102130
YALI0_B14795g	4571	927.002014	176.365967	213.915009
YALI0_B09735g	782	43.617470	8.298404	10.065168
YALI0_B06303g	25820	331.522980	63.073616	76.502251
YALI0_E18326g	2840	209.673981	39.891342	48.384373
YALI0_D26906g	24413	3438.792236	654.244446	793.535767
YALI0_F01177r	6	4.482877	0.852886	1.034469
YALI0_D15136g	4300	799.804871	152.166183	184.562988
YALI0_E21912g	3724	265.602386	50.531952	61.290413
YALI0_D02717g	1472	43.300701	8.238137	9.992070
YALI0_E17435g	3	0.673333	0.128104	0.155378
YALI0_C16247g	1004	29.707417	5.651958	6.855284
YALI0_C01694g	2983	84.458931	16.068661	19.489744
EFYLIG00000000067	2	1.298851	0.247112	0.299723
YALI0_D25058g	4722	291.659332	55.489391	67.303314
YALI0_A09427g	538	39.174603	7.453130	9.039932
YALI0_D20570g	14075	831.710876	164.397202	199.398026
YALI0_E15554g	15935	586.920471	111.664047	135.437775
YALI0_F23892r	1	0.084874	0.016148	0.019586
YALI0_F22759g	3112	158.465958	30.148802	36.567608
YALI0_D14784g	16337	1084.797485	206.387207	250.327881
YALI0_D22506g	1834	41.419464	7.880224	9.557957
YALI0_B08008g	1093	331.210205	63.014111	76.430077
YALI0_A19712g	2175	117.525948	22.359797	27.120291
YALI0_B07183g	9648	2557.443604	486.564209	590.155762
EFYLIG00000000248	0	0.0	0.0	0.0
YALI0_A17853g	6785	179.980560	34.242046	41.532318
ENSRNA049652363	0	0.0	0.0	0.0
YALI0_E27346g	16305	1070.015625	203.574905	246.916824
YALI0_E18007g	6587	869.569946	165.439270	200.661972
YALI0_F01188g	1245	66.508995	12.653611	15.347617
YALI0_E30701g	159	20.809896	3.959169	4.802092
YALI0_F19052g	749	88.092072	16.759882	20.328129
YALI0_C06556g	3400	202.201996	38.469765	46.660137
YALI0_D10307g	294	30.322086	5.768902	6.997125
YALI0_D08734g	5822	573.111084	109.036751	132.251129
YALI0_E08998g	0	0.0	0.0	0.0
YALI0_D04356g	19	1.528514	0.290806	0.352720
YALI0_A10659g	26803	2978.044434	566.585266	687.213623
YALI0_E14421r	0	0.000000	0.000000	0.000000
EFYLIG00000000388	0	0.0	0.0	0.0
YALI0_F06204g	565	61.752163	11.748605	14.249931
YALI0_E05643g	12537	1445.433838	274.999756	333.548340
YALI0_E27368g	1048	148.751053	28.300503	34.325798
YALI0_E06237g	1361	324.874695	61.808754	74.968094
YALI0_F02893g	28346	3245.947754	617.554993	749.034973
YALI0_F20790g	6577	645.518005	122.812469	148.959747
YALI0_D16489g	123	12.448137	2.368309	2.872532
YALI0_F20372g	7282	437.754181	83.284538	101.016167
YALI0_A07249g	1139	53.615383	10.200548	12.372288
YALI0_E29293g	436	85.736839	16.311789	19.784636
YALI0_D16599g	609	163.944000	31.191025	37.831722
YALI0_F05610g	1726	145.942215	27.766109	33.677628
YALI0_D13156g	14409	558.838318	106.321304	128.957550
YALI0_F23705g	1162	127.389793	24.236435	29.396471
YALI0_D04290g	729	67.014572	12.749800	15.464284
YALI0_F15796r	24	19.544838	3.718486	4.510167
YALI0_B21120g	56427	6228.486328	1184.995239	1437.285645
YALI0_E24013g	14816	1516.092529	288.442871	349.853546
YALI0_E19613g	200	105.122398	19.999971	24.258047
YALI0_B10109g	809	90.379845	17.195139	20.856056
YALI0_C01903g	2506	260.394043	49.541042	60.088535
YALI0_F00264g	3349	901.765320	171.564590	208.091385
YALI0_D00627g	24163	642.049438	122.152565	148.159332
YALI0_C20405g	4830	503.399384	95.773811	116.164459
YALI0_B02178g	99569	7723.789551	1469.482910	1782.341797
ENSRNA049656037	51	53.406250	10.160760	12.324027
YALI0_A06721g	140	33.459522	6.365812	7.721120
YALI0_D24277g	717	147.146347	27.995199	33.955498
YALI0_C06490g	33030	3054.937744	581.214539	704.957520
YALI0_A15444g	540	100.859261	19.188890	23.274286
YALI0_B09185r	0	0.0	0.0	0.0
YALI0_E12177g	2605	152.789780	29.068888	35.257774
YALI0_E29447g	2451	332.725800	63.302464	76.779816
YALI0_B20482g	11728	1307.368652	248.732285	301.688446
YALI0_C03465g	29504	6208.115234	1181.119629	1432.584839
YALI0_D10065g	1634	354.698914	67.482933	81.850327
YALI0_E04873g	2293	185.993591	35.386051	42.919884
YALI0_D22088g	894	196.586060	37.401310	45.364204
YALI0_A11220g	90	11.697675	2.225531	2.699356
EFYLIG00000000094	1	0.081897	0.015581	0.018899
YALI0_A01958g	0	0.0	0.0	0.0
YALI0_B14817g	4577	168.383972	32.035748	38.856289
ENSRNA049657041	0	0.0	0.0	0.0
YALI0_D23309g	1766	69.280884	13.180974	15.987258
YALI0_E27115g	807	56.953178	10.835578	13.142517
YALI0_F20504g	1793	176.980453	33.671265	40.840012
YALI0_D12320g	5728	514.205322	97.829689	118.658028
YALI0_E15015g	7536	339.640320	64.617973	78.375412
YALI0_E20537g	15999	823.546936	156.683212	190.041718
YALI0_C08030g	313	96.510704	18.361561	22.270813
YALI0_E29579g	4275	271.000641	51.558990	62.536114
YALI0_C07062g	431	91.111115	17.334267	21.024803
ENSRNA049670776	0	0.000000	0.000000	0.000000
YALI0_B20592g	807	65.545090	12.470224	15.125186
YALI0_E15818g	2264	154.572678	29.408092	35.669193
YALI0_D18150g	3955	334.511719	63.642242	77.191933
EFYLIG00000000083	0	0.0	0.0	0.0
YALI0_D02255g	17031	911.553772	173.426880	210.350174
EFYLIG00000000136	1	0.972222	0.184969	0.224350
YALI0_E05357g	1187	54.858059	10.436973	12.659047
YALI0_C07458g	902	82.456528	15.687696	19.027670
YALI0_B21736r	0	0.0	0.0	0.0
YALI0_D16555r	0	0.0	0.0	0.0
YALI0_A10747g	27408	7819.785156	1487.746460	1804.493774
YALI0_F30613g	7497	844.140564	160.601242	194.793900
YALI0_E22572g	209	4.374532	0.832273	1.009467
YALI0_D24321g	2594	236.598007	45.013748	54.597359
YALI0_F08371g	4460	180.241699	34.291729	41.592579
YALI0_B10197g	1815	62.654358	11.920251	14.458120
YALI0_D11352g	458	35.646606	6.781914	8.225812
YALI0_F17402g	4434	351.210205	66.819191	81.045273
ENSRNA049655743	0	0.0	0.0	0.0
YALI0_E00198g	2720	211.898926	40.314648	48.897800
YALI0_E16434g	5325	415.873169	79.121590	95.966904
YALI0_D17666g	7642	668.174866	127.123024	154.188049
YALI0_A07403g	5427	899.942505	171.217789	207.670761
YALI0_D20328g	12376	795.107483	151.272476	183.479019
YALI0_F31867g	1158	208.422455	39.653233	48.095570
EFYLIG00000000086	0	0.0	0.0	0.0
YALI0_D25740g	517	132.826965	25.270880	30.651154
YALI0_E11506r	1	0.084874	0.016148	0.019586
YALI0_B19800g	218	12.168049	2.315022	2.807899
YALI0_B17336g	1578	182.474228	34.716476	42.107758
YALI0_C07304g	9702	729.021606	138.699371	168.229050
ENSRNA049658005	0	0.0	0.0	0.0
YALI0_F25861g	30889	2250.857178	428.234894	519.407898
YALI0_B00924g	6421	1368.092773	260.285309	315.701141
YALI0_D23397g	9548	1194.882324	227.331314	275.731079
YALI0_A18139g	1319	56.673904	10.782444	13.078072
YALI0_D06688g	88806	7204.279297	1370.643921	1662.459717
YALI0_C10516g	2021	134.689774	25.625286	31.081017
YALI0_F25949r	0	0.0	0.0	0.0
YALI0_C10538g	24	11.421569	2.173001	2.635642
YALI0_A04235r	0	0.0	0.0	0.0
YALI0_B21648r	0	0.0	0.0	0.0
YALI0_C09757g	902	40.303230	7.667856	9.300375
YALI0_B22748g	475	35.028507	6.664319	8.083179
YALI0_C03938r	0	0.000000	0.000000	0.000000
YALI0_C19448g	3881	450.537933	85.716705	103.966141
YALI0_F30349g	3890	396.787872	75.490532	91.562782
YALI0_C14630g	8454	1237.340576	235.409149	285.528748
YALI0_F11649g	1088	102.241158	19.451803	23.593172
YALI0_E26323g	1872	184.754639	35.150333	42.633984
ENSRNA049653934	0	0.0	0.0	0.0
YALI0_D15356g	6272	192.135574	36.554588	44.337208
YALI0_F18546g	6927	234.357117	44.587410	54.080254
ENSRNA049671477	0	0.0	0.0	0.0
YALI0_D06193g	3177	165.051437	31.401718	38.087273
YALI0_A13717r	0	0.0	0.0	0.0
ENSRNA049673038	0	0.0	0.0	0.0
YALI0_C22990g	6195	247.094788	47.010807	57.019600
YALI0_E16863g	147	24.686666	4.696740	5.696696
YALI0_A05247g	5546	139.420715	26.525368	32.172729
YALI0_F14707g	8551	179.362198	34.124401	41.389626
YALI0_D22616g	1098	82.134071	15.626348	18.953260
YALI0_A06633g	7612	1553.028320	295.470062	358.376862
YALI0_B09581g	439	78.581558	14.950466	18.133482
YALI0_F29227g	3691	66.830551	12.714789	15.421820
YALI0_D22638g	63863	4182.946777	795.822937	965.256897
YALI0_D07392g	1477	89.735260	17.072504	20.707312
YALI0_C20265g	15370	352.009064	66.971176	81.229622
EFYLIG00000000428	0	0.0	0.0	0.0
YALI0_E01364g	341	30.122484	5.730927	6.951065
YALI0_E16478g	496	54.373508	10.344785	12.547232
YALI0_A02310g	13647	924.440674	175.878662	213.323959
YALI0_F05368r	0	0.0	0.0	0.0
YALI0_B12298g	266	13.750128	2.616019	3.172980
YALI0_E02827g	316	58.756905	11.178743	13.558744
YALI0_A00572g	123	8.835831	1.681053	2.038957
YALI0_B08690g	1901	220.578156	41.965904	50.900623
YALI0_B01078g	4554	169.022781	32.157284	39.003700
YALI0_F13629g	2844	101.304764	19.273649	23.377089
YALI0_F05500g	523	48.636280	9.253254	11.223310
YALI0_F10824g	23	3.684640	0.701018	0.850268
YALI0_F07018g	2247	141.887436	26.994673	32.741951
YALI0_F27577g	4942	358.571106	68.219635	82.743874
YALI0_F15917g	1168	280.726196	53.409321	64.780388
YALI0_E04554g	1601	129.209427	24.582628	29.816370
EFYLIG00000000254	0	0.0	0.0	0.0
YALI0_A05379g	3434	146.859802	27.940685	33.889374
YALI0_E17985g	28295	1470.044189	279.681976	339.227417
ENSRNA049651635	0	0.0	0.0	0.0
YALI0_D07282g	167604	8627.900391	1641.493774	1990.974487
EFYLIG00000000300	0	0.0	0.0	0.0
YALI0_D04136g	3420	296.743988	56.456772	68.476654
YALI0_F13970r	1	0.084874	0.016148	0.019586
YALI0_A13299g	3628	244.766861	46.567909	56.482407
YALI0_F18568g	4090	424.889923	80.837059	98.047607
YALI0_E01100g	4710	310.873871	59.145042	71.737259
YALI0_C06908g	167	33.104538	6.298275	7.639204
ENSRNA049672607	0	0.000000	0.000000	0.000000
YALI0_C00891g	19129	971.342896	184.802002	224.147110
YALI0_E19492g	5874	790.908020	150.473526	182.509964
YALI0_E11077g	2058	158.149933	30.088678	36.494682
YALI0_D24772g	4955	356.423798	67.811104	82.248367
YALI0_E25465r	0	0.0	0.0	0.0
YALI0_D20174g	10868	472.076141	89.814438	108.936302
ENSRNA049671774	1	0.727017	0.138318	0.167766
YALI0_F29645g	4489	428.118500	81.451317	98.792633
YALI0_B19602g	5460	454.947205	86.555588	104.983627
YALI0_D23287g	17760	359.966095	68.485039	83.065781
YALI0_A06369g	3036	307.793182	58.558922	71.026360
YALI0_F01342r	0	0.0	0.0	0.0
YALI0_F20614g	6180	276.670654	52.637733	63.844528
YALI0_C09141g	920531	67225.992188	12790.023438	15513.072266
YALI0_A07142g	55	2.454787	0.467033	0.566467
YALI0_B21186g	16315	1046.170776	199.038315	241.414383
YALI0_F25069g	826	69.444168	13.212040	16.024939
YALI0_B01034g	9425	1010.470276	192.246155	233.176147
ENSRNA049672390	31	20.365234	3.874570	4.699482
YALI0_E07139g	5616	198.394547	37.745384	45.781528
EFYLIG00000000548	0	0.000000	0.000000	0.000000
YALI0_F28787r	0	0.0	0.0	0.0
YALI0_D12386g	26818	2557.667725	486.606873	590.207520
YALI0_C11319g	842	134.912704	25.667700	31.132460
YALI0_D12452g	16199	512.049744	97.419579	118.160606
YALI0_B13200g	112644	5925.493164	1127.349609	1367.366943
YALI0_E21780g	8511	407.578003	77.543404	94.052711
YALI0_E06171g	1323	170.540237	32.445984	39.353870
YALI0_E26895g	2985	234.178711	44.553467	54.039085
EFYLIG00000000144	1	0.043985	0.008368	0.010150
YALI0_E13508g	31137	2840.812988	540.476440	655.546082
YALI0_A00935g	25	7.757010	1.475803	1.790008
YALI0_E11891g	3703	626.391968	119.173660	144.546219
EFYLIG00000000340	1	0.471910	0.089783	0.108898
ENSRNA049655663	0	0.0	0.0	0.0
YALI0_E26433g	1529	467.827271	89.006073	107.955833
YALI0_E08228g	1186	85.284897	16.225803	19.680346
YALI0_E18832g	854	47.161469	8.972664	10.882981
ENSRNA049651546	0	0.0	0.0	0.0
YALI0_F31339g	553	130.093246	24.750778	30.020321
YALI0_D18942g	653	79.056358	15.040798	18.243048
YALI0_A01221r	0	0.000000	0.000000	0.000000
YALI0_B20394g	2988	205.704163	39.136070	47.468296
YALI0_E09174g	983	130.188980	24.768991	30.042414
YALI0_D10263g	14451	3577.286865	680.593628	825.494812
ENSRNA049651812	3	3.243243	0.617040	0.748411
ENSRNA049652134	0	0.0	0.0	0.0
YALI0_A02112g	1487	400.357330	76.169640	92.386475
ENSRNA049650855	0	0.0	0.0	0.0
YALI0_F19030g	467	19.071735	3.628477	4.400994
ENSRNA049654771	0	0.0	0.0	0.0
YALI0_E24651g	10108	278.934418	53.068428	64.366913
YALI0_D21010g	7280	413.261414	78.624687	95.364212
YALI0_E03476g	4406	223.694321	42.558769	51.619705
ENSRNA049658630	0	0.0	0.0	0.0
YALI0_E17171g	1226	275.040009	52.327499	63.468239
ENSRNA049650840	0	0.0	0.0	0.0
YALI0_B05764g	4867	408.544464	77.727280	94.275734
ENSRNA049670608	0	0.000000	0.000000	0.000000
YALI0_D24431g	27311	1846.301880	351.266571	426.052643
EFYLIG00000000470	0	0.0	0.0	0.0
YALI0_B02024g	0	0.0	0.0	0.0
YALI0_E16324g	14898	481.805634	91.665512	111.181480
YALI0_D20416g	6192	352.681335	67.099083	81.384758
YALI0_D18315g	1017	78.498474	14.934659	18.114309
YALI0_A04367g	3553	569.606323	108.369965	131.442368
YALI0_C23144g	12776	281.660553	53.587086	64.995995
EFYLIG00000000071	13	10.598867	2.016478	2.445795
YALI0_D20438g	10603	457.630768	87.066147	105.602882
YALI0_B10912g	1228	153.043213	29.472704	35.747562
YALI0_E22935g	8438	618.904114	117.749062	142.818329
YALI0_D16203g	4935	257.939972	49.074146	59.522232
YALI0_A11737g	231	47.820984	9.098140	11.035172
YALI0_E29095g	6724	905.425354	172.260910	208.935974
YALI0_A08261g	19508	483.618317	92.010384	111.599770
YALI0_E13926g	5284	454.971008	86.560112	104.989120
YALI0_B05896g	17245	4176.829590	794.659058	963.845337
YALI0_E05555g	1846	77.073204	14.663496	17.785416
YALI0_D17688g	1202	77.971100	14.834325	17.992613
YALI0_D04785g	7733	431.020966	82.003525	99.462410
YALI0_E29821r	0	0.0	0.0	0.0
YALI0_C23617g	990	122.897911	23.381836	28.359926
YALI0_F11429g	78	7.649071	1.455267	1.765100
YALI0_F10769g	1791	240.225769	45.703945	55.434505
YALI0_D11836g	6697	526.760132	100.218292	121.555183
YALI0_F05060g	2563	287.544983	58.289833	70.699982
YALI0_E09955g	2799	106.595024	20.280144	24.597870
YALI0_B21450g	3465	788.200439	149.958389	181.885162
YALI0_F06402g	2261	69.379517	13.199739	16.010019
YALI0_D15026g	2208	122.234650	23.255648	28.206871
YALI0_E18986g	232765	17110.070312	3255.261719	3948.320312
YALI0_D23485g	8	0.459195	0.087364	0.105964
YALI0_D03311g	2	0.046284	0.008806	0.010680
YALI0_C08052g	1285	138.111816	26.276342	31.870687
YALI0_D27126g	8002	841.795837	160.155136	194.252823
YALI0_B17930g	12843	514.099854	97.809624	118.633690
YALI0_D27082g	2686	379.865540	72.270988	87.657784
YALI0_D23595g	4792	358.444458	68.195541	82.714653
YALI0_B19778g	397	119.211311	22.680445	27.509205
YALI0_B21626g	1765	49.598774	9.436372	11.445414
YALI0_B09559g	5159	247.734207	47.132458	57.167152
YALI0_B12958g	1782	402.595093	76.595383	92.902855
YALI0_C06149g	5290	757.845398	144.183228	174.880417
YALI0_D02995g	4643	818.253906	155.676193	188.820282
YALI0_D05676g	748	299.666656	57.012825	69.151085
YALI0_F10175g	1352	188.817429	35.923294	43.571514
YALI0_F25509g	18603	1443.087524	274.553375	333.006897
YALI0_D19008g	673	71.219078	13.549724	16.434517
YALI0_F27489g	11354	808.138855	153.751755	186.486145
YALI0_F16709g	4566	274.979126	52.315918	63.454193
ENSRNA049672146	1	0.617155	0.117416	0.142415
YALI0_E28358g	392	28.671015	5.454779	6.616124
YALI0_B01892g	3182	359.422821	68.381676	82.940414
YALI0_B03190g	2350	262.798462	49.998493	60.643379
YALI0_D10615g	184	24.258823	4.615342	5.597967
YALI0_F27005g	3654	247.470154	47.082222	57.106220
YALI0_F29909g	111090	6631.212891	1261.615723	1530.218872
YALI0_C07612g	5957	586.371338	111.559578	135.311066
YALI0_B20284g	126	10.726734	2.040806	2.475302
YALI0_F27599g	13042	580.772949	110.494453	134.019180
YALI0_C21252g	102	19.247190	3.661858	4.441482
YALI0_F13189g	7483	257.825348	49.052338	59.495785
YALI0_B19734g	1244	46.422394	8.832052	10.712432
YALI0_E11099g	5170	437.315735	83.201126	100.914993
YALI0_D11022g	9273	340.432922	64.768768	78.558311
YALI0_B04202g	93	4.193956	0.797917	0.967797
YALI0_A10813g	762	96.703148	18.398172	22.315220
YALI0_E21109g	469	40.230442	7.654008	9.283578
YALI0_C03762g	186	15.381655	2.926423	3.549471
YALI0_E28682r	0	0.0	0.0	0.0
YALI0_F00462g	42037	4381.553223	833.608643	1011.087341
YALI0_E05027g	19950	1296.562378	246.676361	299.194794
YALI0_A13277g	4137	255.071426	48.528393	58.860287
YALI0_E32494g	2179	748.479553	142.401337	172.719162
YALI0_F25487g	1366	205.263397	39.052212	47.366585
YALI0_A09724g	593	20.137236	3.831192	4.646869
YALI0_C14652g	6224	691.452148	131.551620	159.559525
YALI0_A12441g	924	88.601143	16.856733	20.445602
YALI0_F29997g	3603	200.478241	38.141815	46.262363
YALI0_F01628g	20209	4333.392578	824.445862	999.973755
YALI0_F23661g	1631	146.365326	27.846609	33.775269
YALI0_E17325g	19561	1301.461792	247.608475	300.325348
YALI0_B22880g	170	12.193732	2.319908	2.813826
YALI0_A14168r	0	0.0	0.0	0.0
ENSRNA049657033	42	41.959999	7.983063	9.682691
YALI0_E32373g	1851	273.289459	51.994450	63.064285
YALI0_D22110g	4290	256.962036	48.888088	59.296566
YALI0_E07381g	184	17.697144	3.366955	4.083793
YALI0_F25597g	1529	92.073349	17.517334	21.246849
YALI0_F30063g	380	23.941214	4.554915	5.524675
YALI0_B17292g	26208	1286.160889	244.697433	296.794525
YALI0_E03872g	1212	90.847069	17.284031	20.963873
YALI0_F17204g	10921	1131.271851	215.229141	261.052307
YALI0_A13321g	12136	810.621033	154.223999	187.058929
YALI0_F25245g	263	66.380951	12.629251	15.318070
YALI0_B15202g	1827	219.657150	41.790680	50.688091
YALI0_A14564g	1388	207.552597	39.487740	47.894840
YALI0_E21197g	3571	214.649399	40.837936	49.532497
YALI0_A04939g	4309	145.206543	27.626144	33.507866
YALI0_B07623g	4599	129.975372	24.728352	29.993120
YALI0_F10131g	1375	62.790142	11.946085	14.489455
YALI0_E13618g	27964	3750.771484	713.599792	865.528137
YALI0_E34672g	14579	1533.812500	291.814178	353.942596
YALI0_F25751g	652	95.829697	18.231997	22.113663
EFYLIG00000000597	0	0.0	0.0	0.0
YALI0_E34947g	32918	3240.461914	616.511292	747.769043
YALI0_B02552g	1322	78.066078	14.852395	18.014530
YALI0_D11330g	14015	1087.947021	275.196655	333.787170
YALI0_F21153g	7992	1793.562256	341.232635	413.882477
YALI0_F10571r	0	0.000000	0.000000	0.000000
YALI0_B18722g	868	37.098263	7.058098	8.560797
YALI0_D22066g	2996	295.714569	56.260918	68.239098
YALI0_E19536g	8410	188.743774	35.909283	43.554520
YALI0_E06519g	2511	69.105209	13.147552	15.946719
ENSRNA049651970	0	0.0	0.0	0.0
EFYLIG00000000337	0	0.0	0.0	0.0
YALI0_D17160g	19687	1142.694214	217.402298	263.688171
YALI0_F03971g	579	64.922226	12.351722	14.981454
YALI0_A10681g	1073	92.079079	17.518425	21.248171
YALI0_B05390g	2992	245.025146	46.617046	56.542011
YALI0_D08602g	9033	465.684540	88.598404	107.461380
YALI0_B11660g	853	160.275604	30.493097	36.985203
YALI0_C07128g	27074	1645.230469	313.011902	379.653412
YALI0_E31793g	1224	104.269196	19.837645	24.061161
YALI0_E05423g	4663	179.812912	34.210148	41.493633
YALI0_B23342g	3887	221.380142	42.118488	51.085690
YALI0_C11033g	1942	135.870422	25.849911	31.353460
YALI0_C08701g	0	0.0	0.0	0.0
YALI0_E16753g	4345	689.933960	131.262787	159.209183
YALI0_E29953g	233	35.536366	6.760940	8.200373
YALI0_C15400g	12501	536.134583	102.001823	123.718430
YALI0_D18656g	757	55.100288	10.483058	12.714944
YALI0_D26279g	3895	289.431213	55.065487	66.789154
YALI0_F15389g	8270	708.385925	134.773346	163.467148
YALI0_E18436g	6637	327.139099	62.239567	75.490631
YALI0_D04026g	1572	137.447617	26.149979	31.717415
YALI0_E24805g	2505	294.857819	56.097923	68.041397
YALI0_C10923g	384	30.976019	5.893316	7.148026
YALI0_E12551g	13837	800.410645	152.281433	184.702774
YALI0_E19294g	116	4.430634	0.842946	1.022413
EFYLIG00000000564	0	0.0	0.0	0.0
YALI0_D24299g	12711	1671.628906	318.034302	385.745148
YALI0_F22781g	4777	464.754333	88.421432	107.246719
YALI0_B16698g	1776	195.373642	37.170643	45.084427
YALI0_B17303g	222	99.528893	18.935783	22.967291
YALI0_C03267g	289	55.860153	10.627625	12.890290
YALI0_C03003g	16590	1906.199097	362.662262	439.874542
YALI0_D17270g	91	7.795918	1.483206	1.798986
YALI0_E08470g	310	27.815111	5.291940	6.418616
YALI0_E33539g	68301	5540.837891	1054.167358	1278.603882
YALI0_E16951g	989	134.215057	25.534969	30.971470
EFYLIG00000000168	0	0.0	0.0	0.0
YALI0_A00374g	484	56.956875	10.836281	13.143370
YALI0_B05280g	22431	2882.283691	548.366394	665.115906
ENSRNA049653856	0	0.0	0.0	0.0
YALI0_D26169g	1546	94.265701	17.934441	21.752756
YALI0_E01562g	5069	472.651886	89.923973	109.069160
YALI0_C04411g	228	13.421053	2.553411	3.097043
YALI0_C00473g	11882	660.082520	125.583427	152.320648
YALI0_D12430g	1372	64.318016	12.236769	14.842027
YALI0_D24475g	4350	617.870605	117.552437	142.579834
YALI0_D12122g	6500	1336.671021	254.326828	308.474060
YALI0_C15675r	0	0.0	0.0	0.0
YALI0_C20207g	3888	115.198944	21.917076	26.583311
YALI0_F31141g	614	66.839264	12.716447	15.423830
YALI0_E12199g	3377	195.004593	37.100430	44.999264
YALI0_D08800g	154	14.537088	2.765741	3.354579
YALI0_F15829g	2845	212.368073	40.403904	49.006065
YALI0_E18920g	245	27.565996	5.244545	6.361130
YALI0_F02101g	7608	516.359558	98.239540	119.155144
YALI0_E26983g	1533	94.142944	17.911085	21.724428
ENSRNA049658919	0	0.0	0.0	0.0
YALI0_A14278r	0	0.0	0.0	0.0
YALI0_B10780g	5577	577.653320	109.900932	133.299286
YALI0_F01166g	8804	315.639343	60.051689	72.836937
YALI0_D12254g	1654	551.204651	104.868958	127.196007
YALI0_E22374g	17174	794.180847	151.096191	183.265198
YALI0_C18161g	3056	333.958862	63.537056	77.064354
YALI0_E01606g	6785	407.121796	77.456604	93.947433
YALI0_A18029g	1371	252.147537	47.972111	58.185574
YALI0_D07700g	525	184.098953	35.025585	42.482681
YALI0_B09801r	0	0.0	0.0	0.0
YALI0_F16852g	8421	333.142578	63.381756	76.875992
YALI0_E27940g	5922	807.086365	153.551529	186.243271
YALI0_B22682g	5192	224.662811	42.743031	51.843197
YALI0_C07502g	17430	556.740051	105.922096	128.473343
EFYLIG00000000125	1	0.232758	0.044283	0.053711
YALI0_E14014g	651	40.040218	7.617817	9.239682
YALI0_D10505g	1492	73.176872	13.922203	16.886297
YALI0_E06435g	6464	347.042542	66.026283	80.083542
YALI0_C23540g	1304	317.958923	60.493000	73.372208
YALI0_F25619g	1181	79.519333	15.128882	18.349884
YALI0_A18381g	741	28.269085	5.378310	6.523375
YALI0_D06655g	214	37.276337	7.091977	8.601889
YALI0_F14179g	746	26.983154	5.133657	6.226633
YALI0_B19910g	810	44.610474	8.487328	10.294313
YALI0_A01111g	334	63.755680	12.129782	14.712262
YALI0_C23903g	23375	609.079224	115.879837	140.551132
YALI0_F25025g	2431	340.943054	64.865822	78.676025
YALI0_E02838g	1887	77.758873	14.793947	17.943640
YALI0_F30899g	6503	1658.555542	315.547058	382.728302
YALI0_B17776g	21558	1377.164429	262.011230	317.794495
YALI0_E14971g	3487	218.177200	41.509117	50.346577
YALI0_E02816g	789	33.607594	6.393984	7.755289
YALI0_B15510g	54284	3541.729248	673.828613	817.289551
YALI0_B17644g	2688	263.031982	50.042923	60.697266
YALI0_A02805r	0	0.0	0.0	0.0
YALI0_E08514g	3307	238.353317	45.347706	55.002415
ENSRNA049670279	19	21.254833	4.043820	4.904766
YALI0_D17908r	0	0.0	0.0	0.0
YALI0_D01309g	1902	300.619690	57.194141	69.371002
YALI0_D26862g	2183	147.838364	28.126862	34.115185
YALI0_E10659g	64	4.382615	0.833811	1.011332
YALI0_F20746g	1783	76.350296	14.525959	17.618597
YALI0_F21835g	5957	415.214630	78.996300	95.814934
YALI0_C02321g	1372	122.120811	23.233990	28.180601
YALI0_F29623g	1597	160.898209	30.611549	37.128876
YALI0_C24255g	283016	31760.640625	6042.593262	7329.085938
YALI0_D00253g	1385	82.062210	15.612676	18.936678
YALI0_E08118r	0	0.0	0.0	0.0
YALI0_A09812g	8750	643.140442	122.360123	148.411102
YALI0_D04884g	1875	876.611084	166.778885	202.286789
YALI0_B13376g	1469	85.103844	16.191359	19.638565
YALI0_E01958g	1844	197.697449	37.612759	45.620670
YALI0_F18194g	513	88.864258	16.906794	20.506317
YALI0_D20724g	2662	294.733551	56.074276	68.012718
YALI0_E34397g	1258	85.861389	16.335485	19.813377
YALI0_D04246g	7174	327.688843	62.344158	75.617485
YALI0_F12991g	4448	349.869934	66.564201	80.735992
YALI0_A04873g	4826	360.234283	68.536064	83.127670
YALI0_A12177g	71334	6270.437012	1192.976562	1446.966187
YALI0_E06083g	6870	569.657654	108.379723	131.454224
YALI0_F10032g	1621	267.513062	50.895466	61.731319
YALI0_B18876g	1040	79.559097	15.136448	18.359058
EFYLIG00000000281	0	0.0	0.0	0.0
YALI0_C06446g	10819	671.981567	127.847275	155.066483
YALI0_C19195g	2086	182.587158	43.709568	53.015518
YALI0_C12474g	3206	234.095444	44.537628	54.019871
YALI0_F30217g	8273	418.156158	79.555939	96.493729
YALI0_B05940g	10219	103.021156	19.607267	23.781736
YALI0_B04114g	7904	1773.846680	337.481659	409.332886
YALI0_E23111g	952	304.949219	58.017853	70.370087
YALI0_F11275g	959	398.230438	75.764992	91.895668
YALI0_F16159g	30469	1440.697388	274.098633	332.455353
YALI0_F19184g	108	6.795880	1.292944	1.568217
YALI0_C01067g	30	2.805943	0.533842	0.647500
YALI0_D01782g	1076	187.582031	35.688259	43.286434
YALI0_E19855r	0	0.000000	0.000000	0.000000
YALI0_D17006g	17130	1716.366089	326.545746	396.068695
YALI0_D12518g	13098	558.854248	106.324333	128.961227
YALI0_E26587g	725	94.196915	17.921352	21.736881
YALI0_E06721g	3082	153.932739	29.286341	35.521523
YALI0_D25872g	2494	286.466431	54.501427	66.105003
YALI0_D26730g	3176	177.885742	33.843498	41.048920
YALI0_F09097g	1956	191.946548	36.518627	44.293591
YALI0_E02904g	1080	92.675171	17.631834	21.385725
YALI0_A18040g	172	27.869566	5.302300	6.431182
EFYLIG00000000341	2	1.636364	0.311325	0.377607
YALI0_E19965g	249	20.742764	3.946396	4.786601
ENSRNA049671370	0	0.000000	0.000000	0.000000
EFYLIG00000000335	0	0.0	0.0	0.0
YALI0_D05697g	2489	1610.890991	306.478668	371.729248
YALI0_F02937g	9458	776.552856	147.742386	179.197357
YALI0_C06666r	0	0.000000	0.000000	0.000000
YALI0_D23683g	20009	1541.430908	293.263611	355.700623
EFYLIG00000000399	1	0.156034	0.029686	0.036006
YALI0_F15807g	2489	235.990616	44.898190	54.457199
YALI0_D09933g	65691	6318.778809	1202.173828	1458.121582
YALI0_D19426g	1417	128.863068	24.516731	29.736444
YALI0_C20229g	2	0.323718	0.061589	0.074701
YALI0_C11583g	3189	172.854538	32.886292	39.887920
YALI0_F25993g	50	4.089712	0.778085	0.943742
YALI0_E11605g	2677	495.159332	94.206116	114.262978
YALI0_E24563g	1112	46.543945	8.855178	10.740481
YALI0_E26345g	5813	323.447388	61.537205	74.638725
ENSRNA049653869	0	0.0	0.0	0.0
YALI0_D11594g	776	70.014297	13.320509	16.156500
YALI0_E30305g	194	28.751835	5.470156	6.634774
YALI0_D11484g	158	30.567049	5.815507	7.053653
YALI0_F17897g	233	54.472218	10.363564	12.570010
YALI0_D05533g	2738	243.833328	46.390297	56.266987
YALI0_A05137g	751	236.214951	44.940868	54.508968
ENSRNA049656503	0	0.0	0.0	0.0
YALI0_D04268g	35397	4166.664551	792.725159	961.499573
YALI0_E00352r	0	0.0	0.0	0.0
YALI0_E34287g	1273	236.659302	45.025410	54.611504
ENSRNA049656888	1	1.000000	0.190254	0.230760
YALI0_F12793g	6636	155.351181	29.556206	35.848843
YALI0_A11473g	45	1.183798	0.225222	0.273173
YALI0_F11165g	2074	111.688522	21.249203	25.773245
YALI0_E29557g	2513	98.010429	18.646891	22.616890
YALI0_A18007g	3736	236.402252	44.976505	54.552189
YALI0_B04972g	852	247.120697	47.015732	57.025581
YALI0_E17853g	2906	234.538773	44.621971	54.122173
YALI0_F21428g	349	52.822823	10.049761	12.189396
YALI0_F20768g	4547	981.170959	186.671829	226.415039
YALI0_F16621g	563	95.239532	18.119715	21.977478
YALI0_A08998g	16	0.917824	0.174620	0.211797
EFYLIG00000000471	0	0.0	0.0	0.0
YALI0_B06875g	3095	64.790009	12.326567	14.950944
ENSRNA049651320	0	0.0	0.0	0.0
YALI0_A10835r	0	0.000000	0.000000	0.000000
YALI0_C05863g	626	184.736847	35.146950	42.629879
EFYLIG00000000595	3	3.260870	0.620394	0.752478
YALI0_A19954g	721	50.336792	9.576783	11.615720
YALI0_F17930r	0	0.0	0.0	0.0
YALI0_E27390g	439	16.533258	3.145521	3.815215
YALI0_A18249g	9491	926.159424	176.205658	213.720566
YALI0_D17314g	4	0.214437	0.040798	0.049483
YALI0_C00341g	557	45.384987	8.634682	10.473041
YALI0_D24926g	12000	876.300049	166.719711	202.215012
YALI0_A07260r	0	0.0	0.0	0.0
YALI0_F24761g	27369	1888.127075	359.223969	435.704254
YALI0_A16291g	21889	907.545166	172.664215	209.425140
YALI0_E09427g	2	0.383838	0.073027	0.088574
YALI0_E14773g	2790	330.724182	62.921642	76.317924
YALI0_A15554g	1426	80.265884	15.270917	18.522158
YALI0_A09988g	4736	205.198196	39.039806	47.351540
YALI0_B16214g	487	44.848404	8.532594	10.349218
YALI0_B07425g	4493	795.975464	151.437622	183.679321
YALI0_D19382g	12074	861.151123	163.837555	198.719254
YALI0_E13299g	802	124.938271	23.770023	28.830759
YALI0_C04950r	0	0.0	0.0	0.0
YALI0_D01287g	317	41.083656	7.816336	9.480466
YALI0_D02497g	1773	112.603775	21.423334	25.984449
YALI0_E10144g	8504	1895.966919	360.715546	437.513397
YALI0_F17974g	9658	703.769104	133.894974	162.401779
YALI0_E32417g	11905	571.731812	108.774338	131.932861
YALI0_B15972g	3218	129.900085	24.714029	29.975748
YALI0_D08316g	6489	676.304443	128.669724	156.064026
YALI0_A00847g	2208	213.578537	40.634197	49.285389
YALI0_F07689g	1533	157.317078	29.930223	36.302490
YALI0_D19140g	311	19.621553	3.733082	4.527870
YALI0_C04928g	3636	760.298157	144.649872	175.446426
YALI0_D08338g	26206	1987.041260	378.042816	458.529694
YALI0_C16643g	3847	119.244629	22.686783	27.516893
YALI0_B23034g	1332	68.432571	13.019580	15.791501
YALI0_A19492g	480	108.232658	20.591711	24.975771
YALI0_F21901g	3400	219.673065	41.793709	50.691765
YALI0_D25476g	1369	96.209465	18.304249	22.201298
YALI0_C15237g	462	259.044434	49.284275	59.777100
YALI0_A11077g	63	7.135592	1.357576	1.646609
YALI0_F09493g	1472	90.263512	17.173006	20.829210
YALI0_B12606g	1050	69.291504	13.182996	15.989709
YALI0_B06831g	15720	2989.996338	568.859192	689.971619
YALI0_C13112g	1974	165.281097	31.445414	38.140270
YALI0_E25806g	7187	322.170441	61.294262	74.344055
YALI0_A09438g	567	118.758835	28.055872	34.029083
YALI0_A14498g	7719	1493.406128	284.126709	344.618439
YALI0_C22968g	2213	128.893311	24.522486	29.743423
YALI0_B20944g	5593	268.193726	51.024967	61.888390
YALI0_A17985g	10065	521.275879	99.174889	120.289635
YALI0_A09152r	0	0.000000	0.000000	0.000000
YALI0_C06842g	16637	2222.558594	422.850952	512.877686
YALI0_D14388g	1861	152.429031	29.000254	35.174526
YALI0_E27896g	10384	1450.506226	275.964813	334.718842
YALI0_E05379g	1040	82.571533	15.709576	19.054211
YALI0_C02167g	74	10.843567	2.063034	2.502262
YALI0_E23749g	366	155.620255	29.607399	35.910934
YALI0_D26466g	351	45.052242	8.571376	10.396257
YALI0_D07150g	3508	159.994583	30.439631	36.920353
YALI0_B09163g	351	25.681160	4.885947	5.926185
YALI0_E31889g	1399	81.339088	15.475098	18.769810
YALI0_B01650g	1068	249.597244	47.486908	57.597069
YALI0_F30965g	18	2.097222	0.399005	0.483955
YALI0_B16962g	1143	211.346161	40.209480	48.770245
YALI0_B23078g	5377	295.779968	56.273361	68.254196
YALI0_A03883g	6291	188.242081	35.813835	43.438747
YALI0_D21472g	991	91.150276	17.341717	21.033840
YALI0_B02728g	37872	5141.107422	978.116943	1186.362061
YALI0_B02244g	4980	761.951538	144.964432	175.827957
YALI0_B12562g	23497	1967.762451	374.374939	454.080902
YALI0_F09009g	27672	1306.593750	248.584854	301.509613
YALI0_A06171g	7	0.591751	0.112583	0.136552
YALI0_A17622r	0	0.0	0.0	0.0
EFYLIG00000000295	0	0.000000	0.000000	0.000000
YALI0_E22847g	10986	401.134125	76.317429	92.565720
YALI0_A18403g	58256	2797.825928	532.297974	645.626404
YALI0_F22671g	11200	893.466064	169.985611	206.176254
YALI0_E06369g	2802	148.537003	28.259779	34.276405
YALI0_E21802g	2939	114.104187	21.708794	26.330685
YALI0_E12727g	5	0.717172	0.136445	0.165495
YALI0_D15268g	33617	1521.182739	289.411285	351.028168
YALI0_D07524g	7424	227.207275	43.227123	52.430359
YALI0_F03201g	7688	1784.898804	339.584381	411.883301
YALI0_C09779g	1343	60.851501	11.577250	14.042093
YALI0_C19558g	162	26.966999	5.130583	6.222906
YALI0_E33363g	33	2.706868	0.514993	0.624637
YALI0_C02959g	1795	133.957870	25.486038	30.912123
YALI0_B16148g	226	62.117485	11.818109	14.334232
YALI0_B19074g	2556	94.228188	17.927301	21.744099
YALI0_B18370g	8	1.134815	0.215903	0.261870
ENSRNA049654795	0	0.0	0.0	0.0
YALI0_F11407g	1907	285.256287	54.271187	65.825745
YALI0_A00198g	1015	132.897537	25.284306	30.667439
YALI0_D15246g	3172	82.567932	15.708890	19.053379
YALI0_E34309g	3680	205.415131	39.081078	47.401604
YALI0_E18139g	2055	127.163605	24.193401	29.344278
YALI0_B00748g	555	56.556564	10.760120	13.050994
YALI0_D12859g	2062	139.916000	26.619598	32.287018
YALI0_C20977g	2570	224.702148	42.750515	51.852272
YALI0_B09273g	5512	462.763916	88.042747	106.787407
YALI0_F11231g	100474	4474.356934	851.264954	1032.502686
YALI0_C06710g	791	46.417686	8.831157	10.711347
ENSRNA049655077	0	0.0	0.0	0.0
EFYLIG00000000102	370	136.365372	25.944077	31.467678
YALI0_E24112r	0	0.000000	0.000000	0.000000
YALI0_E10747g	1314	116.693054	22.201336	26.928093
YALI0_F16313g	1378	93.672729	17.821623	21.615921
YALI0_A04191g	1618	139.976013	26.631016	32.300869
YALI0_E04444g	3388	154.323868	29.360752	35.611782
YALI0_A05357g	1612	167.955627	31.954252	38.757446
YALI0_F00176g	4421	379.613098	72.222961	87.599525
ENSRNA049652937	0	0.0	0.0	0.0
YALI0_D23507r	0	0.0	0.0	0.0
YALI0_E23364g	2313	137.528275	26.165323	31.736027
YALI0_D26301g	352	100.214691	19.066259	23.125544
YALI0_E19899g	8424	803.372070	152.844864	185.386169
YALI0_D19822g	3138	130.571899	24.841845	30.130774
YALI0_A13409r	0	0.0	0.0	0.0
YALI0_E05247g	53605	2190.138672	416.682953	505.396454
YALI0_F18018g	2572	430.714752	81.945259	99.391747
YALI0_C01463g	3669	141.482452	26.917624	32.648495
YALI0_E06633g	1358	129.843750	24.703310	29.962748
YALI0_B04510g	15242	1554.906006	295.827301	358.810150
YALI0_F18480g	2459	231.805786	44.102009	53.491512
EFYLIG00000000262	0	0.0	0.0	0.0
YALI0_A16863g	799	89.608887	17.048462	20.678150
YALI0_B03982g	101479	5237.281250	1257.503418	1525.230957
YALI0_F28655g	11276	219.806992	41.819187	50.722668
YALI0_F18590g	42865	4453.982422	847.388550	1027.801025
YALI0_F04642g	272	27.006903	5.138175	6.232113
EFYLIG00000000581	3	3.544249	0.674308	0.817871
YALI0_C22946g	10683	210.322021	40.014633	48.533913
YALI0_A07667g	107	10.370906	1.973108	2.393191
YALI0_E00572g	825	227.636612	43.308807	52.529430
YALI0_E02310g	16829	3352.323486	637.793396	773.582275
EFYLIG00000000113	0	0.0	0.0	0.0
YALI0_F09625g	1721	239.323685	45.532318	55.226337
YALI0_C10604g	1387	121.877281	23.187656	28.124405
YALI0_D11242g	3538	164.280914	31.255123	37.909466
YALI0_A16676r	0	0.0	0.0	0.0
YALI0_E31317g	1484	314.041931	59.747776	72.468323
ENSRNA049654323	0	0.0	0.0	0.0
YALI0_F21703g	18	1.866667	0.355141	0.430752
YALI0_B22924g	1345	239.470901	45.560329	55.260311
YALI0_D16665g	6802	3947.977051	751.118958	911.035278
EFYLIG00000000116	0	0.0	0.0	0.0
YALI0_E27764g	2266	282.470367	53.741158	65.182869
YALI0_E22198g	16970	336.255066	63.973915	77.594231
YALI0_F02343g	55956	6656.696289	1266.463989	1536.099365
YALI0_F19580g	1345	75.185493	14.304352	17.349808
YALI0_D10989g	1518	36.903419	7.021028	8.515834
YALI0_C24167g	1105	231.018631	43.952248	53.309864
YALI0_D19206g	2759	197.200989	37.518303	45.506107
YALI0_E23837r	0	0.0	0.0	0.0
YALI0_A10362g	18732	745.413696	141.818039	172.011688
YALI0_E11187g	1099	115.182762	21.913998	26.579576
YALI0_B14058g	221	86.217056	16.403151	19.895451
YALI0_D10043g	1641	109.359077	20.806017	25.235704
YALI0_E09240g	1059	64.814545	12.331235	14.956606
YALI0_C03443g	88272	19812.156250	3769.344482	4571.853516
ENSRNA049671832	0	0.000000	0.000000	0.000000
YALI0_F11979g	16207	1234.467529	234.862564	284.865784
YALI0_C11803g	4860	560.289978	106.597488	129.292526
YALI0_F03839g	11254	705.512695	134.226700	162.804123
YALI0_F15587g	108574	11212.572266	2133.238281	2587.413574
YALI0_B11154g	1765	91.570915	19.494612	23.645094
YALI0_D24497g	2914	105.807266	20.130270	24.416086
YALI0_A21241g	2727	173.173584	32.946991	39.961540
YALI0_B09713g	639	28.532980	5.428517	6.584271
YALI0_B19052g	3592	197.247421	37.527138	45.516819
EFYLIG00000000147	1	0.132062	0.025125	0.030475
YALI0_B01188g	913	110.513191	21.025593	25.502028
EFYLIG00000000495	0	0.000000	0.000000	0.000000
YALI0_B05104g	12131	1005.900635	191.376755	232.121643
YALI0_C15136g	1535	100.681610	19.155094	23.233290
YALI0_F25399g	1572	403.961823	76.855408	93.218239
YALI0_A08041g	7031	377.516205	71.824020	87.115646
YALI0_C17655g	1345	70.495850	13.412127	16.267624
YALI0_F04994r	0	0.0	0.0	0.0
YALI0_D16247g	810	73.836494	14.047698	17.038511
YALI0_E14322g	1497	174.359863	33.172684	40.235283
YALI0_C02717g	3569	206.435852	39.275272	47.637142
YALI0_D09339g	8405	781.668518	148.715668	180.377853
YALI0_F05192g	1779	225.969818	42.991692	52.144802
YALI0_E17413g	31342	1242.843750	236.456161	286.798676
YALI0_D01694g	815	94.517242	17.982296	21.810801
YALI0_E21351g	426	57.034527	10.851054	13.161289
ENSRNA049650718	1	1.000000	0.190254	0.230760
YALI0_B09669g	774	46.832733	8.910121	10.807122
YALI0_E30602g	9462	3153.816895	600.026733	727.774841
YALI0_C14784g	22795	594.438293	136.495956	165.556503
YALI0_C22506g	3391	243.927353	46.408188	56.288685
YALI0_B00726g	7607	738.033630	140.413940	170.308655
YALI0_F14795g	2706	194.633896	37.029903	44.913719
YALI0_C08327g	34646	1800.016479	342.460571	415.371857
YALI0_D01529g	3714	224.043610	42.625225	51.700310
YALI0_F26235r	0	0.0	0.0	0.0
YALI0_B21076g	23799	5341.513184	1016.244995	1232.607666
YALI0_E05665g	11818	1030.730591	196.100769	237.851410
YALI0_C03124r	0	0.0	0.0	0.0
YALI0_F24849r	0	0.0	0.0	0.0
EFYLIG00000000571	0	0.000000	0.000000	0.000000
YALI0_F07469g	6406	852.357056	162.164459	196.689941
YALI0_B16126g	4565	464.307159	88.336357	107.143532
EFYLIG00000000321	1	0.081897	0.015581	0.018899
YALI0_F29975g	19573	2584.142578	491.643829	596.316833
YALI0_B16082g	437	118.567207	22.557901	27.360573
YALI0_F08129g	1337	131.989243	25.111500	30.457840
YALI0_F30085g	1987	233.868301	44.494411	53.967457
YALI0_D21230g	5005	351.713257	66.914902	81.161362
YALI0_A15213r	0	0.0	0.0	0.0
YALI0_A12001g	7694	192.439575	36.612427	44.407360
YALI0_B03564g	41514	4451.042480	846.829285	1027.122681
YALI0_E18898g	11948	219.793259	41.816578	50.719498
YALI0_F25575g	404	59.011593	11.227200	13.617517
YALI0_B00264g	8368	1067.054321	203.011505	246.233490
YALI0_D23067g	13486	997.863708	189.847702	230.267044
YALI0_B20504g	16647	3172.222412	692.994446	840.535828
YALI0_E18744g	1616	63.921268	12.161285	14.750473
YALI0_A12155g	2135	176.591324	33.597229	40.750217
YALI0_F20592g	3211	229.938293	43.746712	53.060566
YALI0_E20867g	3768	485.994904	92.462540	112.148201
YALI0_E21175g	12910	422.356659	80.355103	97.463036
YALI0_F25289g	318759	16409.085938	3121.896484	3786.561035
YALI0_D02673g	3860	172.105515	32.743786	39.715073
YALI0_F13211g	2348	61.359989	11.673991	14.159432
YALI0_C05170g	9375	917.486450	174.555588	211.719193
YALI0_F20482g	22909	4943.903809	940.598145	1140.855347
YALI0_C16005g	693	117.722221	22.397139	27.165583
YALI0_D16379g	10982	451.424103	85.885300	104.170639
YALI0_C16599g	8	4.063219	0.773044	0.937629
YALI0_F14817g	448	18.610289	3.540684	4.294510
YALI0_E19635g	3592	318.191223	60.537201	73.425819
YALI0_F26565g	6590	1031.844971	196.312775	238.108582
YALI0_E24035g	4080	267.752441	50.941010	61.786560
YALI0_F24343g	1622	232.262405	44.188881	53.596878
YALI0_E27225g	71	6.922027	1.316944	1.597327
YALI0_F06292g	2827	466.424835	88.739250	107.632210
YALI0_C00627g	898	54.241772	10.319721	12.516832
ENSRNA049671622	0	0.0	0.0	0.0
YALI0_D14080g	4035	287.754242	54.746437	66.402176
YALI0_A08961r	3	5.113051	0.972779	1.179888
YALI0_C24277g	7264	750.114502	142.712387	173.096436
YALI0_E15708g	56175	3451.119141	656.589722	796.380310
YALI0_C22253g	6505	400.357697	76.169708	92.386551
YALI0_E00330g	27209	1940.735229	369.232910	447.844116
YALI0_D03465g	823	77.142059	14.676596	17.801302
YALI0_B05610g	6398	2051.403076	390.287903	473.381836
YALI0_E30525g	4652	324.240845	61.688160	74.821823
YALI0_C22088g	1489	131.549438	25.027824	30.356352
EFYLIG00000000462	0	0.0	0.0	0.0
YALI0_B20790g	3472	364.132904	69.277786	84.027313
YALI0_E26807g	1845	125.671387	23.909500	28.999931
YALI0_F15345g	9150	568.313049	108.123909	131.143921
YALI0_D07062g	56	5.437681	1.034541	1.254799
YALI0_B20372g	16799	1156.535034	220.035568	266.882050
YALI0_D07458g	1022	91.493805	17.407074	21.113113
YALI0_D23463g	12399	224.171677	42.649586	51.729862
YALI0_E00374r	0	0.0	0.0	0.0
YALI0_C02255g	107	27.335878	5.200764	6.308028
YALI0_C24321g	4370	461.107635	87.727631	106.405212
YALI0_F30635g	2300	194.023392	36.913754	44.772842
YALI0_B18546g	1435	235.508942	44.806549	54.346050
YALI0_F08481g	1509	551.932983	105.007530	127.364075
YALI0_B16632g	5078	156.256241	29.728395	36.057693
YALI0_A06886g	1478	130.202438	24.771551	30.045519
YALI0_F31779r	0	0.000000	0.000000	0.000000
YALI0_F08591g	3489	164.724167	31.339453	38.011753
YALI0_F23815g	5470	223.738358	42.567150	51.629868
YALI0_C10868g	3885	100.528336	19.125931	23.197922
YALI0_C15290g	1248	94.382019	17.956570	21.779596
YALI0_D08074r	0	0.0	0.0	0.0
YALI0_B10384g	9968	561.185608	106.767883	129.499207
YALI0_D25542g	1791	132.798096	25.265387	30.644491
ENSRNA049658123	0	0.0	0.0	0.0
YALI0_D04763g	227	40.047367	7.619177	9.241332
YALI0_E23408g	5782	190.812424	36.302853	44.031879
YALI0_E29307g	19359	908.965149	172.934372	209.752808
ENSRNA049657517	0	0.0	0.0	0.0
ENSRNA049669843	0	0.0	0.0	0.0
YALI0_E16533g	980	153.384842	29.182100	35.395092
YALI0_E00836g	8706	605.548889	115.208183	139.736465
YALI0_B14707g	920	160.480133	30.532009	37.032398
YALI0_F28677g	33428	994.159241	189.142899	229.412216
YALI0_D07304g	653	53.957413	10.265620	12.451214
YALI0_D03480g	11805	333.692566	63.486389	77.002907
YALI0_E10153g	636	26.877304	5.113518	6.202208
YALI0_E14234g	35095	721.324768	137.235016	166.452927
YALI0_B22176g	9108	518.830261	98.709602	119.725288
YALI0_F09581g	577	33.222603	6.320737	7.666449
YALI0_D05885r	0	0.0	0.0	0.0
YALI0_B02860g	30491	1047.467407	199.285004	241.713608
YALI0_F10197g	1740	173.757660	33.058113	40.096321
YALI0_D09757g	11804	1226.475342	233.341995	283.021484
YALI0_E21131g	6849	430.188446	81.845131	99.270294
YALI0_E14146g	925	123.055336	23.411785	28.396252
EFYLIG00000000080	36	24.561644	4.672954	5.667846
YALI0_F27445g	792	60.546211	11.519167	13.971645
YALI0_B17402g	20939	1459.480347	277.672150	336.789703
YALI0_D14630g	8246	1303.209717	247.941040	300.728699
YALI0_E30019g	1653	142.323105	27.077559	32.842484
YALI0_D19448g	1102	138.902634	26.426800	32.053177
YALI0_C06193g	8935	1044.408569	198.703049	241.007751
YALI0_C15356g	4240	139.240982	26.491173	32.131252
YALI0_E19272g	3358	312.261505	59.409042	72.057472
YALI0_F13145g	520	65.470665	12.456065	15.108012
YALI0_C22616g	1388	55.808441	10.617787	12.878357
YALI0_F00924g	4935	722.270996	137.415039	166.671265
YALI0_F25531g	16497	3911.201904	744.122314	902.549011
YALI0_F17336g	1738	354.543427	67.453354	81.814453
YALI0_C22638g	0	0.0	0.0	0.0
YALI0_E12661g	42	2.977353	0.566454	0.687054
YALI0_E18095g	2660	158.167252	30.091974	36.498676
YALI0_F16731g	7355	602.435547	114.615852	139.018036
ENSRNA049671734	0	0.0	0.0	0.0
YALI0_F29931g	970	265.317078	50.477669	61.224575
EFYLIG00000000481	0	0.0	0.0	0.0
YALI0_F19800g	4065	285.060425	54.233925	65.780548
YALI0_F31537g	5992	725.635498	138.055161	167.447678
YALI0_C05302g	570	59.531055	11.326030	13.737388
YALI0_C20955g	1602	150.635941	28.659111	34.760754
YALI0_E34903g	1162	82.812149	15.755354	19.109734
YALI0_D10285g	8302	341.233215	64.921028	78.742989
YALI0_F01034g	6032	274.792053	52.280323	63.411022
YALI0_E19162g	459	38.482132	7.321385	8.880137
YALI0_C09658g	13076	1712.892334	325.884827	395.267059
YALI0_B10021g	9576	570.579956	108.555191	131.667053
YALI0_F19602g	6903	1128.014526	214.609436	260.300659
YALI0_E32857g	6337	53.556782	10.189399	12.358764
YALI0_A05005g	30	2.967164	0.564515	0.684703
EFYLIG00000000064	0	0.0	0.0	0.0
YALI0_C07282g	145	24.500837	4.661386	5.653814
YALI0_C04136g	2781	43.038033	8.188164	9.931458
YALI0_B20614g	84	8.270588	1.573514	1.908521
YALI0_A16170g	3960	431.375397	82.070953	99.544197
YALI0_A09856g	37802	1279.038574	243.342377	295.150970
YALI0_B07205g	642	78.073593	23.152275	28.081488
YALI0_D00891g	1457	72.966766	13.882229	16.837812
EFYLIG00000000608	0	0.000000	0.000000	0.000000
YALI0_B02662g	101630	5191.989746	987.797546	1198.103638
YALI0_D06908g	314	128.593491	24.465445	29.674236
YALI0_D25608g	1100	59.423222	11.305513	13.712503
YALI0_F24937g	9501	946.299805	180.037445	218.368164
YALI0_E14168g	61	8.600563	1.636293	1.984666
YALI0_E30811g	17080	4356.204590	828.785950	1005.237854
YALI0_C03047g	1346	161.754761	30.774511	37.326534
YALI0_B11550g	2177	72.279747	13.751520	16.679276
YALI0_B20515r	0	0.000000	0.000000	0.000000
YALI0_D26620g	3729	99.792793	18.985991	23.028187
YALI0_C20060g	227	143.666672	27.333179	33.152523
YALI0_F11715g	6	3.075269	0.585083	0.709649
YALI0_F02761g	380	45.816010	8.716685	10.572503
YALI0_E33759g	5137	158.636093	30.181173	36.606869
YALI0_D04961g	4092	77.695808	14.781949	17.929087
YALI0_D21684g	2238	58.613487	11.151458	13.525650
YALI0_D09141g	1074	148.691360	28.289145	34.312023
YALI0_E05973g	468	12.302606	2.340621	2.838950
YALI0_F01078g	11	0.667915	0.127074	0.154128
YALI0_E34529g	1446	120.438942	22.914007	27.792494
YALI0_B05500g	560	191.167801	37.726665	45.758831
ENSRNA049652041	0	0.0	0.0	0.0
YALI0_F23199g	17	1.703373	0.324074	0.393070
YALI0_B10824g	246	44.605404	8.486362	10.293144
YALI0_E21582g	4540	271.472473	51.648762	62.644997
YALI0_B07073g	3424	519.178650	98.775887	119.805679
YALI0_C12386g	7510	692.621948	131.774185	159.829453
YALI0_F23551g	2362	251.566452	47.861557	58.051479
YALI0_C10846g	4317	427.446106	81.323387	98.637474
YALI0_E19404g	997	77.130272	14.674353	17.798584
YALI0_D24409g	32181	1833.165771	348.767365	423.021393
YALI0_E17017g	2188	177.915466	33.849152	41.055779
YALI0_B18568g	8569	477.589935	90.863457	110.208664
YALI0_E03894g	1715	120.735703	22.970467	27.860973
YALI0_C17699r	0	0.0	0.0	0.0
YALI0_F25355r	0	0.0	0.0	0.0
ENSRNA049655432	2	1.743243	0.331659	0.402271
YALI0_E30987g	238	25.176100	4.789857	5.809638
EFYLIG00000000271	0	0.0	0.0	0.0
EFYLIG00000000306	37	40.780220	7.758605	9.410444
EFYLIG00000000320	2	1.382584	0.263042	0.319045
YALI0_C15961r	0	0.000000	0.000000	0.000000
YALI0_F12111g	43873	3096.520020	589.125732	714.553040
YALI0_F07549r	2	1.042685	0.198375	0.240610
YALI0_F16071g	972	286.921082	54.587925	66.209915
YALI0_A12705g	893	126.812943	24.126688	29.263359
YALI0_B04994g	5238	544.250000	103.545815	125.591141
YALI0_E33825g	1829	42.080658	8.006019	9.710533
YALI0_A00352g	109329	4366.225586	830.692505	1007.550293
YALI0_A13255g	30	11.955284	2.274542	2.758802
YALI0_E08096g	12763	612.919617	116.610489	141.437347
YALI0_C21087g	8771	795.918213	151.426727	183.666107
YALI0_D17710g	407	26.371868	5.017357	6.085573
YALI0_D19976g	5074	322.284912	61.316036	74.370476
YALI0_D20130g	2883	125.393623	23.856655	28.935837
YALI0_E23991g	3962	312.364563	59.428650	72.081261
YALI0_C21560g	61898	5370.873047	1021.830750	1239.382690
YALI0_B14729g	1267	167.231369	31.816460	38.590317
YALI0_E29667g	1904	372.593018	70.887367	85.979576
YALI0_E09086g	3396	147.496780	28.061872	34.036362
YALI0_C08569g	9	0.597633	0.113702	0.137910
YALI0_E04004g	414	58.213390	11.075338	13.433324
YALI0_E34331g	745	41.899109	7.971479	9.668639
YALI0_D15576g	1501	218.685425	41.605804	50.463856
YALI0_D10340r	23	18.807970	3.578294	4.340127
YALI0_C23947g	6926	795.716736	151.388397	183.619614
YALI0_F11209g	46	5.617826	1.068815	1.296370
YALI0_F04037g	3840	307.005554	58.409077	70.844612
YALI0_E06567g	3066	149.592758	28.460640	34.520027
YALI0_B04422g	575	49.712940	9.458093	11.471759
YALI0_B07117g	25	2.434911	0.463252	0.561880
YALI0_E10835g	47	7.783251	1.480796	1.796063
YALI0_F15433g	482	44.662075	8.497145	10.306222
YALI0_F01584g	17161	2063.331055	392.557281	476.134338
YALI0_C12881g	1233	168.001343	31.962950	38.767994
ENSRNA049670226	0	0.000000	0.000000	0.000000
YALI0_D02783g	4733	185.479233	35.288193	42.801193
YALI0_F21659g	1393	118.371216	22.520613	27.315344
ENSRNA049651447	1	0.538462	0.102445	0.124256
YALI0_F16874g	3017	167.869415	31.937851	38.737549
YALI0_A08932g	30939	397.258484	75.580070	91.671379
EFYLIG00000000062	0	0.0	0.0	0.0
YALI0_F26213g	2453	1032.099976	196.361298	238.167419
YALI0_E05577g	301	25.587341	4.868097	5.904536
YALI0_A13431r	0	0.0	0.0	0.0
YALI0_C01485g	583	38.390736	7.303996	8.859047
YALI0_A19360g	376	24.865749	4.730812	5.738021
YALI0_C13706g	3863	317.165009	60.341953	73.189011
YALI0_B19987r	1	0.079167	0.015062	0.018269
YALI0_E22352g	38446	4358.076172	829.142029	1005.669800
YALI0_C01529r	0	0.000000	0.000000	0.000000
YALI0_B22462g	1184	64.047157	12.185237	14.779523
YALI0_E09977g	1984	130.677109	24.861860	30.155054
YALI0_E03542g	1653	70.528091	13.418261	16.275063
YALI0_D23771g	2705	176.465759	33.573341	40.721245
YALI0_D11572g	357	111.866043	21.557552	26.147243
EFYLIG00000000359	1	0.880952	0.167605	0.203289
YALI0_D18810g	1106	113.451218	21.584564	26.180006
YALI0_C01595g	6158	262.408447	49.924294	60.553379
YALI0_D10945g	832	107.264366	20.407490	24.752329
YALI0_D01375g	118	33.485874	6.370826	7.727201
YALI0_E00242g	9665	1880.728271	357.816345	433.996918
YALI0_B06809g	6197	557.779846	106.119919	128.713287
YALI0_B21362g	1542	350.650909	66.712791	80.916214
YALI0_E29139g	295	18.768309	3.570748	4.330975
YALI0_B07733g	0	0.0	0.0	0.0
YALI0_E34540g	695	184.131241	35.031731	42.490131
YALI0_B13640g	89313	5131.128906	976.218506	1184.059448
YALI0_D04048g	3343	373.846069	71.125763	86.268730
YALI0_B11704g	2457	288.175385	54.826561	66.499359
YALI0_B03498g	319	18.251701	3.472462	4.211763
YALI0_D02475g	11252	518.921448	98.726952	119.746323
YALI0_D17842g	711	48.819729	9.288156	11.265641
YALI0_D18612g	8624	359.748444	68.443626	83.015564
YALI0_F07645g	1674	214.163498	40.745491	49.420376
YALI0_A17963g	9	2.933333	0.558079	0.676896
ENSRNA049652426	10	12.310811	2.342183	2.840843
YALI0_A16401g	1	0.123314	0.023461	0.028456
YALI0_F18172g	3299	173.809601	33.067993	40.108307
YALI0_E20779g	6452	1956.666626	372.263916	451.520447
YALI0_D02981g	172	12.808574	2.436884	2.955707
YALI0_C18711g	1106	204.437729	38.895123	47.176056
YALI0_E32219g	217	25.796230	4.907840	5.952739
YALI0_D25894g	1219	214.719025	40.851181	49.548569
YALI0_F29205g	2240	190.918137	36.322964	44.056274
YALI0_D08184g	144969	7520.197754	1430.748779	1735.360962
YALI0_F09834g	32737	1173.722778	223.305603	270.848297
YALI0_F01738g	8459	326.954834	62.204510	75.448112
ENSRNA049658018	3	2.918919	0.555336	0.673570
YALI0_F01716g	2637	105.277580	20.029495	24.293858
YALI0_B10241g	7421	182.607697	34.741867	42.138557
YALI0_D12925g	3328	162.573288	30.930241	37.515415
YALI0_C02673r	0	0.0	0.0	0.0
YALI0_D02299g	1476	55.053585	10.474173	12.704166
YALI0_C14674g	91	8.740634	1.662942	2.016989
YALI0_E02222g	1312	97.666664	18.581486	22.537561
YALI0_D09042g	187	13.609668	2.589296	3.140567
YALI0_E31845g	4502	381.706970	72.621330	88.082710
ENSRNA049657817	0	0.0	0.0	0.0
YALI0_F13453g	6936	657.780273	125.145409	151.789398
YALI0_F09449g	2073	285.896179	54.392929	65.973412
YALI0_E34507g	472	38.438255	7.313037	8.870013
YALI0_F31933g	2623	209.697540	39.895824	48.389809
YALI0_E33385g	484	52.017040	9.896458	12.003453
YALI0_E23793g	512	90.666664	17.249708	20.922241
YALI0_F10098g	25114	782.143677	148.806061	180.487503
YALI0_B07469r	0	0.0	0.0	0.0
YALI0_F24519g	994	124.810936	23.745796	28.801374
YALI0_D03663g	4448	132.399063	25.189468	30.552412
YALI0_D16423g	16429	1532.117310	291.491638	353.551422
YALI0_F20108g	532	59.209717	11.264894	13.663236
ENSRNA049653893	0	0.0	0.0	0.0
YALI0_C14080r	0	0.000000	0.000000	0.000000
YALI0_D20856g	1666	220.729660	41.994728	50.935581
YALI0_F29073g	1620	142.323761	27.077684	32.842636
EFYLIG00000000039	0	0.0	0.0	0.0
YALI0_F25113g	22273	3163.949463	601.954468	730.113098
YALI0_A10076g	4826	364.281769	69.306114	84.061668
YALI0_F32043g	4025	72.656929	13.865163	16.817114
ENSRNA049670074	0	0.0	0.0	0.0
ENSRNA049652311	0	0.0	0.0	0.0
YALI0_D05753g	21368	4961.280273	943.904053	1144.865234
YALI0_F27357g	1247	160.195923	30.477936	36.966816
EFYLIG00000000408	1	0.081897	0.015581	0.018899
YALI0_B17952r	0	0.000000	0.000000	0.000000
ENSRNA049651304	0	0.0	0.0	0.0
YALI0_C15851g	6223	756.255127	143.880661	174.513443
YALI0_B14883g	2627	75.525764	14.369089	17.428328
YALI0_E03608g	8909	394.095490	74.978294	90.941483
YALI0_F24101g	4856	390.179779	74.233315	90.037895
YALI0_E16258g	707	39.646111	7.542836	9.148738
YALI0_F14091g	67	5.137615	0.977453	1.185556
YALI0_A06017g	1	0.358156	0.068141	0.082648
YALI0_F09878g	742	69.154198	13.156873	15.958025
YALI0_F09031g	351	22.863695	4.349913	5.276027
YALI0_B02574g	13141	579.036621	110.164116	133.618500
YALI0_F23727g	2805	200.031784	38.056873	46.159340
YALI0_F18238g	990	53.141945	10.110475	12.263037
ENSRNA049669651	208	77.166260	14.681199	17.806887
YALI0_A00132g	93994	5170.651367	983.737793	1193.179565
YALI0_E24585g	1364	74.259438	14.128165	17.136110
YALI0_F09075g	689	71.543213	13.611392	16.509314
YALI0_F18216g	441	33.375374	6.349803	7.701702
YALI0_A01760g	594	46.819672	8.907637	10.804109
YALI0_A18293g	1267	110.436096	21.010925	25.484236
YALI0_D00605g	18325	1418.233765	269.824829	327.271637
YALI0_E00594g	4784	1425.118042	271.134613	328.860291
YALI0_E11355g	1607	466.377869	88.730316	107.621368
YALI0_C17149r	0	0.000000	0.000000	0.000000
YALI0_D17468g	545	71.361870	13.576891	16.467468
YALI0_F03322g	3146	221.980438	42.232697	51.224209
EFYLIG00000000639	0	0.0	0.0	0.0
YALI0_C20427g	725	102.015343	19.408842	23.541063
YALI0_E00484g	13215	520.960754	99.114944	120.216919
YALI0_F04796g	1589	176.518158	33.583309	40.733334
YALI0_C20053g	5921	191.305496	36.396664	44.145664
YALI0_C08074g	110	9.959350	1.894807	2.298220
YALI0_D18128g	2411	124.846153	23.752497	28.809502
EFYLIG00000000464	0	0.0	0.0	0.0
ENSRNA049658726	0	0.0	0.0	0.0
YALI0_E09020g	2151	82.269699	15.652151	18.984556
YALI0_C12639g	5181	238.248627	45.327785	54.978260
YALI0_A00803g	19658	632.082458	120.256302	145.859360
YALI0_E14388g2	4571	103.369118	19.666403	23.853460
YALI0_E26389g	5595	229.393021	43.642971	52.934738
YALI0_C04763r	0	0.0	0.0	0.0
YALI0_D09691g	1672	110.969101	21.112331	25.607233
YALI0_C08782g	2067	364.225128	69.295341	84.048599
YALI0_D20350g	63	3.268649	0.621874	0.754274
YALI0_C07656g	5670	704.338257	134.003265	162.533112
YALI0_D13904g	2715	115.369530	21.949532	26.622675
YALI0_D27214g	258	34.255600	6.517270	7.904823
YALI0_D08580g	1626	243.210373	46.271778	56.123230
YALI0_A02915g	19885	2962.200684	563.570923	683.557495
YALI0_E28028r	0	0.0	0.0	0.0
YALI0_A07557g	49	2.495151	0.474713	0.575781
YALI0_C00099r	3	1.746183	0.332219	0.402949
ENSRNA049656460	0	0.0	0.0	0.0
YALI0_E28259g	3112	1204.103394	229.085648	277.858948
YALI0_D27148g	5242	392.096283	80.857895	98.072876
YALI0_C05885g	208	12.136231	2.308968	2.800557
YALI0_D15048g	3284	143.935333	27.384295	33.214520
YALI0_B23166g	1913	147.663605	28.093611	34.074856
YALI0_D22418g	1315	118.009781	22.451849	27.231941
YALI0_F11011g	4789	377.523804	71.825462	87.117401
YALI0_C03916g	7917	234.195084	44.556583	54.042866
YALI0_A18447g	2	0.740113	0.140810	0.170788
YALI0_F12749g	46469	4309.705078	819.939209	994.507690
YALI0_B06897g	815	42.192822	8.027359	9.736416
YALI0_B19624g	2278	193.659088	36.844444	44.688778
YALI0_E22803g	6040	507.020782	96.462799	117.000122
YALI0_C21274g	157	30.214560	5.748445	6.972312
YALI0_F13057g	2539	152.051010	28.928333	35.087296
YALI0_C19646g	112	18.526403	3.524725	4.275154
YALI0_E27511g	649	58.413548	11.113419	13.479512
YALI0_E23760g	2420	277.964722	52.883938	64.143150
YALI0_C13992g	730	44.402653	8.447788	10.246357
ENSRNA049669951	0	0.000000	0.000000	0.000000
YALI0_F00682g	6010	806.055786	153.355438	186.005463
YALI0_C14410g	1798	122.516197	23.309212	28.271841
YALI0_E10901g	3713	272.872620	51.915146	62.968090
EFYLIG00000000270	0	0.0	0.0	0.0
YALI0_C22187g	1993	201.460464	38.328686	46.489021
ENSRNA049671205	508	245.411484	46.690548	56.631161
YALI0_E22132g	252	33.224838	6.321163	7.666965
YALI0_D02431g	4674	120.930695	23.007565	27.905970
YALI0_F27643g	14326	753.584351	143.372543	173.897141
YALI0_D01507g	12	4.440741	0.844869	1.024745
YALI0_E14839g	6338	401.068298	76.304901	92.550529
YALI0_F00880g	59381	4782.667480	909.922241	1103.648438
YALI0_D01331g	35	2.537846	0.482836	0.585633
YALI0_F17424g	5511	221.632416	42.166485	51.143902
YALI0_E13948g	8737	503.636993	95.819016	116.219284
YALI0_F05346g	5284	374.445618	71.239822	86.407082
YALI0_D21494g	941	143.294113	27.262299	33.066551
YALI0_B23276g	285	131.013702	24.925900	30.232725
YALI0_E02464r	0	0.0	0.0	0.0
YALI0_B10956g	414	29.817274	5.672860	6.880635
ENSRNA049656227	0	0.0	0.0	0.0
YALI0_F08107g	1200	59.999500	11.415153	13.845486
YALI0_F15983g	369	33.876137	6.445075	7.817258
YALI0_A09405g	619	48.086990	9.148748	11.096556
YALI0_E09152g	1327	136.161591	25.905306	31.420650
YALI0_B15422g	2443	210.276215	40.005920	48.523342
YALI0_F13695g	3764	115.704109	22.013186	26.699884
YALI0_C19668g	4319	406.118256	77.265678	93.715858
YALI0_E29359g	1963	109.226440	20.780783	25.205095
YALI0_F09900r	0	0.0	0.0	0.0
ENSRNA049672169	0	0.0	0.0	0.0
YALI0_E04158g	4390	207.839188	39.542263	47.960976
YALI0_D21318g	4409	693.593445	131.959015	160.053650
YALI0_E07579g	44	6.669683	1.268935	1.539096
YALI0_B00902g	818	62.849316	11.957342	14.503110
YALI0_D18502g	1404	95.248657	18.121450	21.979582
YALI0_A19866g	58	10.530055	2.003386	2.429916
YALI0_D13838g	4773	548.327637	104.321594	126.532097
YALI0_B01914g	258	14.799431	2.815653	3.415117
YALI0_A11627g	2	0.393762	0.074915	0.090865
YALI0_A12727r	0	0.0	0.0	0.0
YALI0_B15994g	2	0.204918	0.038986	0.047287
YALI0_C00110g	1082	91.024170	17.317724	21.004740
YALI0_E34375g	646	58.439964	11.118444	13.485607
ENSRNA049651194	1	0.849462	0.161614	0.196022
YALI0_F21747g	1055	65.754318	12.510031	15.173469
YALI0_F19316g	2134	171.854065	32.695946	39.657047
YALI0_A02156g	329	83.775253	15.938588	19.331980
YALI0_C11451g	43	8.158192	1.552130	1.882584
YALI0_B08558g	2753	222.235809	42.281281	51.283142
YALI0_D04576g	2	0.297935	0.056683	0.068751
YALI0_F11297g	5934	644.412903	122.602226	148.704742
YALI0_E31471g	3876	805.415649	153.233658	185.857742
YALI0_F15037g	4499	370.324371	70.455742	85.456062
YALI0_F06776g	4444	280.652893	53.395374	64.763466
YALI0_E07293g	139	13.890547	2.642734	3.205383
YALI0_D00220g	2004	330.676483	62.912567	76.306915
EFYLIG00000000131	1	0.898876	0.171015	0.207425
YALI0_D04697g	2365	150.763260	28.683332	34.790134
YALI0_E26829g	17625	1603.680176	305.106781	370.065277
YALI0_D17446g	986	88.955315	16.924116	20.527330
YALI0_F07205r	23	19.068056	3.627776	4.400145
YALI0_E05203g	13406	748.444458	142.394653	172.711060
YALI0_F06644g	840	243.574707	46.341095	56.207306
YALI0_D23903g	5100	150.594742	28.651274	34.751244
YALI0_A05445r	0	0.0	0.0	0.0
YALI0_E12155g	5354	127.101555	24.181597	29.329958
YALI0_E08250g	129	4.759239	0.905465	1.098242
YALI0_F18876g	655	57.696335	10.976966	13.314008
YALI0_A20867g	6361	422.008545	95.429703	115.747078
YALI0_F04114g	1836	272.983795	77.396355	93.874359
YALI0_F05940g	18218	1202.567993	228.793549	277.504608
YALI0_A18744g	4160	113.587189	21.610434	26.211384
YALI0_B18194g	1042	51.867001	9.867911	11.968830
YALI0_C18887r	0	0.0	0.0	0.0
YALI0_A19888g	16715	1365.792847	259.847717	315.170410
YALI0_E02684g	61861	4469.143066	850.272949	1031.299561
YALI0_A16720g	448	22.516193	4.283799	5.195837
ENSRNA049653500	0	0.0	0.0	0.0
YALI0_A21175g	323	18.422750	3.505005	4.251234
YALI0_C10054g	1144	73.771393	14.035313	17.023489
YALI0_F11957g	1411	325.310516	61.891670	75.068665
YALI0_C01309g	799	158.976334	30.245903	36.685383
YALI0_D05041g	4191	155.004028	30.091366	36.497944
YALI0_D10527g	0	0.0	0.0	0.0
YALI0_F21813g	2343	146.330856	27.840052	33.767315
YALI0_D02321g	2384	164.428955	31.283289	37.943630
YALI0_F06424g	4202	328.955811	62.585205	75.909851
YALI0_E12001g	10436	466.582336	88.769218	107.668549
EFYLIG00000000652	3	2.548387	0.484841	0.588066
YALI0_A18898g	6204	445.332611	84.726372	102.764961
YALI0_C00253g	44799	2211.477539	420.742737	510.320618
YALI0_F13739g	843	53.038628	10.090818	12.239195
YALI0_F15741g	111	9.486004	1.804752	2.188991
YALI0_E22330g	1568	105.730797	20.115721	24.398441
YALI0_B19184g	1464	69.113136	13.149059	15.948549
YALI0_F17644g	1830	141.946243	27.005859	32.755516
YALI0_E24827g	1115	92.213760	17.544050	21.279249
YALI0_C04884g	11349	1389.363647	264.332184	320.609589
YALI0_E29381g	357	24.556919	4.672055	5.666756
YALI0_B22264g	47	5.708785	1.086120	1.317359
YALI0_C12573g	966	44.515068	8.469176	10.272298
YALI0_A00330g	474	73.423965	13.969213	16.943317
YALI0_F11143g	5326	272.504547	51.845119	62.883156
YALI0_E23221g	2487	252.182724	47.978806	58.193691
YALI0_C17787r	0	0.000000	0.000000	0.000000
YALI0_B10296g	901	51.128162	9.727345	11.798336
YALI0_F03432g	32673	1536.262085	292.280212	354.507904
EFYLIG00000000228	0	0.0	0.0	0.0
YALI0_C16973g	21133	1783.144531	339.250610	411.478485
YALI0_F19910g	3020	271.798584	51.710804	62.720249
YALI0_B13486g	930	110.634865	21.048740	25.530104
YALI0_D20636g	4461	151.393143	28.803171	34.935482
YALI0_F17776g	3078	111.998199	21.308121	25.844707
YALI0_D12474g	2377	257.214355	48.936092	59.354790
YALI0_B15642g	3368	154.873856	29.465391	35.738693
YALI0_F12837g	15635	427.923035	81.414131	98.747528
YALI0_E29029g	305	38.688049	7.360562	8.927655
YALI0_C01782g	47	4.299263	0.817953	0.992098
YALI0_A13959r	0	0.0	0.0	0.0
YALI0_D01067g	2528	54.963825	10.457095	12.683454
YALI0_D03806r	0	0.0	0.0	0.0
YALI0_D26532g	336	25.621315	4.874561	5.912375
YALI0_E19943g	187	11.744070	2.234358	2.710062
EFYLIG00000000105	0	0.0	0.0	0.0
YALI0_A15708g	2244	145.507385	27.683382	33.577290
YALI0_B04224g	13012	4093.922119	778.885620	944.713562
YALI0_C12518g	749	64.309525	12.235153	14.840068
YALI0_D20152g	5433	1063.397339	202.315750	245.389587
ENSRNA049672561	0	0.0	0.0	0.0
YALI0_B20746g	5095	297.791656	56.656094	68.718407
YALI0_E34463g	42	1.120011	0.213087	0.258454
YALI0_E24387g	1302	37.162331	7.149137	8.671219
YALI0_D16357g	30671	1082.349121	205.921402	249.762924
YALI0_C24332g	2671	196.311493	37.349075	45.300842
YALI0_B20768g	200	12.701389	2.416492	2.930973
YALI0_C09262g	18232	2273.279053	432.500732	524.581909
YALI0_B21428g	44505	2155.832031	410.155945	497.479858
YALI0_C11198r	0	0.0	0.0	0.0
YALI0_C20119g	2964	166.550369	31.686897	38.433167
YALI0_F26191g	2985	194.756454	37.053223	44.942001
YALI0_C23683g	515	78.043541	14.848105	18.009331
YALI0_F28149g	601	42.269176	8.041885	9.754036
YALI0_A03707r	0	0.0	0.0	0.0
YALI0_F04972g	1728	259.595245	49.389069	59.904205
ENSRNA049657899	12	16.069445	3.057278	3.708185
YALI0_F13123g	480	51.374733	9.774255	11.855234
YALI0_E21241g	1853	98.039307	18.652384	22.623552
YALI0_C09933g	16398	726.390808	138.198853	167.621948
YALI0_C19426g	4691	178.625946	33.984325	41.219730
YALI0_F26015g	1024	125.714111	23.917629	29.009792
YALI0_E03344g	934	277.994080	52.889523	64.149918
EFYLIG00000000073	10	11.431818	2.174951	2.638007
YALI0_D11374g	20004	1053.936401	200.515762	243.206390
YALI0_E32035g	10700	631.952026	120.231491	145.829254
YALI0_F27423g	695	123.136841	23.427294	28.415060
YALI0_B15840g	30225	3121.365967	593.852783	720.286499
YALI0_C05533g	4085	1057.907593	201.271301	244.122787
YALI0_D08811r	27	22.399521	4.261601	5.168914
EFYLIG00000000292	0	0.0	0.0	0.0
YALI0_B22726g	1456	43.365780	8.250519	10.007089
YALI0_D18062g	6486	311.895233	72.078545	87.424362
YALI0_E08844g	5896	264.659546	50.352573	61.072845
YALI0_D15312g	25257	5745.187988	1093.045776	1325.759644
YALI0_A05665g	389	26.280455	4.999965	6.064478
YALI0_E20691g	21632	1291.260620	245.667679	297.971344
YALI0_E35200g	74	4.487688	0.853801	1.035579
YALI0_D15928g	1160	84.125717	16.005266	19.412853
YALI0_E27093g	2350	172.320267	32.784641	39.764629
YALI0_D20020g	597	54.867943	10.438853	12.661328
YALI0_C02409g	7356	323.705414	61.586292	74.698265
YALI0_E07898g	24807	2022.136353	384.719788	466.628235
YALI0_C20647g	1639	101.577042	19.325453	23.439920
YALI0_E09350g	19993	256.701080	48.838444	59.236351
YALI0_E25003g	580	137.392014	26.139399	31.704586
YALI0_B12056g	6621	469.258942	89.278450	108.286209
YALI0_A14322g	349	33.396011	6.353729	7.706465
YALI0_D05863g	3023	326.130341	62.047646	75.257843
YALI0_E07744g	106773	3297.878174	627.434998	761.018494
ENSRNA049671494	0	0.0	0.0	0.0
YALI0_F22363g	2091	596.443481	113.475838	137.635300
YALI0_B23188g	22260	1324.042358	251.904541	305.536041
YALI0_E33671g	434	29.152363	5.546358	6.727200
YALI0_D00341g	7	1.571111	0.298910	0.362550
YALI0_A21351g	96802	36617.722656	6966.672852	8449.907227
YALI0_B03014g	1278	80.997490	15.410108	18.690983
YALI0_A08077g	29818	3060.581299	582.288269	706.259827
YALI0_B02002g	22141	590.647888	112.373207	136.297913
YALI0_E09603g	25186	858.195007	163.275162	198.037109
YALI0_F15323g	6617	752.590088	143.183365	173.667709
ENSRNA049651281	9	10.024692	1.907239	2.313298
YALI0_C19382g	33282	4463.985840	849.291748	1030.109497
YALI0_F02365g	3251	99.471512	18.924868	22.954048
YALI0_B09009g	2666	81.650291	15.534307	18.841623
YALI0_A03091g	0	0.0	0.0	0.0
YALI0_E01232g	1210	50.596272	9.626149	11.675597
YALI0_C01287g	1764	261.530090	49.757183	60.350693
YALI0_C02497g	978	116.237930	22.114746	26.823067
YALI0_F01650g	92590	9927.339844	1888.717407	2290.833252
YALI0_E27269g	2275	93.273247	17.745621	21.523737
YALI0_F27027g	832	49.803085	9.475243	11.492561
YALI0_F09163g	354	30.634962	5.828428	7.069324
ENSRNA049652613	0	0.0	0.0	0.0
YALI0_C14960g	336	18.255123	3.473113	4.212553
YALI0_F01276r	0	0.0	0.0	0.0
YALI0_D16643g	13097	896.155823	170.497360	206.796951
YALI0_F16962g	125	31.800505	6.050178	7.338285
YALI0_D13112g	7435	985.422546	187.480713	227.396133
YALI0_E05489g	7117	281.541321	53.564400	64.968483
YALI0_E09999g	7465	1152.785889	219.322281	266.016907
YALI0_E17237r	0	0.0	0.0	0.0
YALI0_A19162g	657	48.398251	9.207967	11.168382
YALI0_E07095g	6589	146.036209	27.783993	33.699318
YALI0_E16170g	4964	293.701813	55.877983	67.774643
YALI0_C14388g	226	28.585213	5.438455	6.596324
YALI0_D06842g	2003	356.638458	67.851944	82.297897
YALI0_B13882g	3007	484.224884	92.125786	111.739746
YALI0_E05599g	8452	426.562714	81.155319	98.433624
YALI0_E30569g	236	34.266956	6.519430	7.907444
YALI0_E05005g	27666	1589.442505	302.398010	366.779816
YALI0_D02167g	36161	3508.385254	667.484802	809.595093
YALI0_A02563g	507	91.126556	17.337204	21.028368
YALI0_E14641g	823	196.394806	37.364925	45.320068
ENSRNA049670210	0	0.0	0.0	0.0
YALI0_D18458g	1458	107.854210	20.519709	24.888439
YALI0_B07689g	574	25.461302	4.844118	5.875451
YALI0_C07150g	4622	88.545059	16.846064	20.432659
YALI0_A19404g	5334	92.993271	17.692354	21.459129
YALI0_B13420g	3506	366.540375	69.735825	84.582870
YALI0_A17083r	0	0.0	0.0	0.0
YALI0_C19107g	16781	3766.315186	716.557007	869.114990
YALI0_C21472g	43245	2352.029053	447.483276	542.754272
YALI0_E11055g	3	0.502793	0.095658	0.116025
YALI0_B12760g	5492	810.894714	154.276062	187.122086
YALI0_F08165g	482	14.379176	2.735698	3.318139
ENSRNA049669882	0	0.0	0.0	0.0
EFYLIG00000000332	0	0.000000	0.000000	0.000000
YALI0_D04312g	614	51.402985	9.779631	11.861753
YALI0_F27555g	11362	678.174927	129.025589	156.495667
YALI0_C15268g	84	10.140097	1.929195	2.339929
YALI0_E28765r	0	0.0	0.0	0.0
YALI0_B04840g	2536	238.447861	45.365688	55.024235
YALI0_F26873g	13359	721.026733	154.310577	187.163940
YALI0_E12815r	0	0.0	0.0	0.0
YALI0_D09779g	2151	163.796387	31.162939	37.797657
YALI0_D22891g	128944	9689.954102	1843.553711	2236.054199
YALI0_D19558g	20937	1144.246216	217.697586	264.046295
YALI0_C07524g	19777	5998.360352	1141.212769	1384.181885
YALI0_D00737g	6445	889.151611	169.164780	205.180649
YALI0_F20944g	1029	85.896606	16.342186	19.821503
YALI0_A05973g	35	12.659420	2.408507	2.921288
EFYLIG00000000448	0	0.0	0.0	0.0
YALI0_D02959g	609	57.874763	11.010913	13.355182
YALI0_E17567g	54	6.557998	1.247686	1.513324
YALI0_F07909g	1685	208.934280	46.195293	56.030460
YALI0_B18590g	927	99.701813	18.968681	23.007195
YALI0_C10692g	901	56.112347	10.675606	12.948487
YALI0_B04642g	1014	38.480274	7.321031	8.879709
YALI0_F21681g	6781	151.876694	28.895170	35.047070
YALI0_B09625g	14508	971.002625	184.737259	224.068588
YALI0_C06512g	16	0.981339	0.186704	0.226454
EFYLIG00000000110	0	0.0	0.0	0.0
YALI0_C12859g	859	37.340225	7.104132	8.616632
YALI0_E22022g	2608	226.799316	43.149509	52.336216
YALI0_A14234g	10	0.566848	0.107845	0.130806
YALI0_C15246g	1571	163.644989	31.134134	37.762722
YALI0_B11440g	1058	164.026108	31.206644	37.850670
YALI0_A09702g	2863	136.514633	25.972473	31.502121
YALI0_F24893g	20018	972.480530	185.018433	224.409622
YALI0_B18480g	2960	109.743027	20.879065	25.324303
YALI0_D06710g	148	13.910112	2.646456	3.209898
YALI0_D16137g	30	1.806202	0.343637	0.416799
YALI0_B18018g	2366	112.016411	21.311584	25.848909
YALI0_B01496r	0	0.0	0.0	0.0
YALI0_C23210g	877	94.858521	18.047226	21.889555
YALI0_F15895g	836	134.012695	25.496469	30.924772
YALI0_E12628g	849	149.200348	30.099539	36.507854
YALI0_E32879g	6201	306.968628	58.402050	70.836090
YALI0_B19580g	7064	352.811584	67.123863	81.414810
YALI0_E28578g	1337	186.759338	35.531734	43.096592
YALI0_E21956g	2354	160.688980	30.571743	37.080593
YALI0_F16335g	34	3.360947	0.639434	0.775572
YALI0_B15224g	8339	978.210205	186.108536	225.731812
ENSRNA049654013	0	0.0	0.0	0.0
YALI0_D10791g	4443	658.848755	125.348701	152.035965
ENSRNA049671068	0	0.000000	0.000000	0.000000
YALI0_E12276g	178	41.562500	7.907438	9.590963
YALI0_E25762g	763	24.347248	4.632165	5.618371
YALI0_A19756g	1010	186.096710	35.996861	43.660740
YALI0_F30943g	1081	117.349464	22.326221	27.079565
YALI0_F23441g	3017	220.744934	41.997639	50.939106
YALI0_E09130g	2404	599.328369	114.024696	138.301041
YALI0_E03256g	2235	153.538773	29.211386	35.430611
YALI0_E14190g	40646	3334.807373	697.739075	846.290588
YALI0_C19822g	156	39.298244	7.476654	9.068463
YALI0_D08624g	869	70.110313	13.338778	16.178658
YALI0_E18348g	141	15.211828	2.894113	3.510282
YALI0_F09273g	177793	10446.196289	1987.432007	2410.564697
ENSRNA049652998	0	0.0	0.0	0.0
EFYLIG00000000052	0	0.000000	0.000000	0.000000
YALI0_D01463g	7975	457.359467	87.014526	105.540283
YALI0_E14388g1	927	123.248398	23.448517	28.440804
YALI0_F18370g	14364	797.983521	151.819656	184.142700
YALI0_E28116r	0	0.0	0.0	0.0
EFYLIG00000000528	2	1.240071	0.235929	0.286159
YALI0_F01815g	8903	234.891586	44.689098	54.203587
YALI0_F19074g	11062	390.765991	74.344849	90.173172
YALI0_E02706g	4687	112.690475	21.439829	26.004456
YALI0_E00770g	1542	163.204407	31.050312	37.661053
YALI0_D05291g	17588	1891.777466	359.918488	436.546600
YALI0_D20086g	2681	125.328705	23.844305	28.920855
YALI0_E26917g	7425	566.831482	107.842033	130.802048
YALI0_E34067g	333	22.384666	4.258775	5.165486
YALI0_D19690r	0	0.0	0.0	0.0
YALI0_C20361g	888	51.632702	9.823335	11.914763
YALI0_D02277g	919	88.874519	16.908745	20.508686
YALI0_A21131g	6969	431.286163	82.053978	99.523605
YALI0_F20064r	0	0.000000	0.000000	0.000000
YALI0_C16665g	4733	174.511139	33.201466	40.270195
YALI0_E01408g	2228	110.774002	21.075212	25.562212
YALI0_E13794g	4942	353.188965	67.195663	81.501892
YALI0_A19272g	407	72.050880	13.707977	16.626463
YALI0_C14828g	8210	358.931183	68.288139	82.826965
YALI0_E28534g	9621	1144.453491	217.737000	264.094116
YALI0_C10989g	1701	144.949371	27.577219	33.448521
YALI0_C01397g	877	93.710052	17.828724	21.624535
YALI0_B06347g	2549	164.705688	31.335938	38.007492
YALI0_F22539g	7345	572.356506	108.893188	132.076996
YALI0_A00913g	5247	234.583008	44.630390	54.132381
YALI0_B03432r	0	0.0	0.0	0.0
YALI0_F30547g	24	3.255878	0.619444	0.751327
YALI0_E24233g	7600	556.172180	105.814056	128.342300
YALI0_B16822g	8203	203.594986	38.734787	46.981586
YALI0_A02222g	12499	560.280090	106.595604	129.290237
YALI0_A13497g	70	13.565891	2.580967	3.130465
YALI0_E18260g	4003	175.228012	33.337852	40.435623
YALI0_F05764g	2325	437.193665	83.177902	100.886818
YALI0_F03641g	425	29.526171	5.617476	6.813460
EFYLIG00000000473	0	0.000000	0.000000	0.000000
YALI0_E07007r	0	0.000000	0.000000	0.000000
YALI0_F27247g	6423	822.084900	156.405045	189.704346
YALI0_E01056g	25701	922.444580	175.498886	212.863342
YALI0_F06523r	0	0.000000	0.000000	0.000000
YALI0_C21219g	0	0.0	0.0	0.0
YALI0_D22286g	11047	312.517365	59.457722	72.116516
EFYLIG00000000476	0	0.000000	0.000000	0.000000
YALI0_E17963g	816	68.656670	13.062215	15.843215
YALI0_D13464g	4594	159.261917	30.300238	36.751286
EFYLIG00000000648	0	0.0	0.0	0.0
YALI0_E20141g	4281	716.965149	136.405579	165.446884
YALI0_D07810g	2657	114.498932	21.783895	26.421776
YALI0_F29689g	1100	179.700653	34.188789	41.467728
EFYLIG00000000567	0	0.0	0.0	0.0
YALI0_F30283g	305	38.022221	7.233885	8.774009
YALI0_C19129g	4358	91.293510	17.368967	21.066893
YALI0_E06017g	34987	1159.313110	220.564117	267.523132
YALI0_D02046g	3384	350.469757	66.678322	80.874413
YALI0_C12980g	544	42.474865	8.081018	9.801500
YALI0_E31064g	9246	367.494293	69.917313	84.802994
YALI0_C18315g	7125	356.946930	67.910629	82.369087
YALI0_C23379g	9912	482.922821	91.878067	111.439278
YALI0_A20922g	801	66.246521	12.603675	15.287048
YALI0_B19030g	29	3.059331	0.582050	0.705971
YALI0_A07359r	0	0.0	0.0	0.0
EFYLIG00000000346	0	0.0	0.0	0.0
YALI0_E10461g	9348	1196.594482	227.657043	276.126160
YALI0_F28699g	3710	287.719666	54.739853	66.394203
YALI0_E22913g	281	24.193521	4.602918	5.582898
YALI0_F20394g	2725	246.569885	46.910938	56.898472
YALI0_C16203g	7355	487.387146	92.727417	112.469467
YALI0_C03806g	7299	1793.445312	341.210388	413.855499
YALI0_D01936g	264	38.850876	7.391540	8.965229
YALI0_F20284g	2193	138.995605	26.444487	32.074627
YALI0_D11198g	6110	279.447906	53.166119	64.485405
ENSRNA049656257	12	12.410526	2.361154	2.863853
YALI0_F23177g	2306	304.369934	57.907639	70.236412
YALI0_D23617g	16691	1866.798462	355.166138	430.782471
ENSRNA049656577	0	0.0	0.0	0.0
YALI0_D25256g	1112	112.672691	21.436445	26.000353
YALI0_B10175g	19	1.859649	0.353806	0.429133
YALI0_B01804g	24811	2930.842041	557.604797	676.321228
YALI0_C11836g	194	17.863718	3.398646	4.122232
YALI0_B08206g	12439	1016.387512	193.371933	234.541611
YALI0_A09086g	92	20.738255	3.945539	4.785560
YALI0_D02068g	426	54.882504	10.441624	12.664688
YALI0_C15026g	63285	7031.565430	1337.784424	1622.604248
YALI0_E22242g	901	117.911804	22.433208	27.209332
YALI0_E20757g	16881	1939.651855	369.026794	447.594116
YALI0_E12705g	7640	205.581131	39.112659	47.439907
YALI0_B00462g	2137	185.902664	35.368752	42.898907
YALI0_D08052g	11564	830.058289	157.922012	191.544281
YALI0_D04400g	537	49.200726	9.360641	11.353560
YALI0_E32087g	182	23.355045	4.443394	5.389411
YALI0_C17677r	0	0.0	0.0	0.0
YALI0_D23375g	562	128.609970	24.468578	29.678040
YALI0_F19734g	1861	112.664871	21.434958	25.998549
YALI0_F11693g	9724	585.609436	111.414619	135.135239
YALI0_E13255g	104333	5120.306152	974.159424	1181.562012
YALI0_F30393g	4422	413.450928	78.660751	95.407944
YALI0_D06149g	2022	218.180542	41.509750	50.347347
YALI0_C11517g	2518	287.282471	54.656677	66.293312
YALI0_E15664g	5975	277.067047	52.713150	63.935997
EFYLIG00000000286	0	0.0	0.0	0.0
YALI0_C08811g	6187	676.257568	128.660797	156.053223
YALI0_C20295g	3896	533.083984	101.421432	123.014481
YALI0_E19360g	20864	1560.907349	296.969086	360.195038
YALI0_E16885g	222	49.419426	9.402250	11.404028
YALI0_F21450g	7924	186.554306	35.492729	43.049274
YALI0_A05577g	15457	533.707031	101.539970	123.158249
YALI0_F08459g	646	217.333328	41.348564	50.151844
YALI0_D07612g	6312	267.617126	50.915264	61.755333
YALI0_F27379g	6054	307.862549	58.572121	71.042374
YALI0_B16456g	2005	208.247925	39.620029	48.055294
YALI0_F05896g	2038	93.838120	17.853090	21.654087
YALI0_D22396g	2350	80.716667	15.356680	18.626179
YALI0_D20702g	6603	292.469299	55.643497	67.490227
YALI0_F06336g	5632	218.426651	41.556576	50.404140
ENSRNA049669831	0	0.000000	0.000000	0.000000
YALI0_E29403g	3295	124.361732	23.660336	28.697718
YALI0_F09559g	1508	61.722630	11.742985	14.243115
YALI0_F19778g	20763	1194.853027	227.325729	275.724304
YALI0_C17193g	978	71.539848	13.610752	16.508537
ENSRNA049672124	3	1.702725	0.323950	0.392921
YALI0_D03762g	6956	821.697083	156.331268	189.614838
YALI0_C08987g	68034	3976.493164	756.544312	917.615662
YALI0_E08932g	28	3.052459	0.580743	0.704386
YALI0_C01947g	4	0.991453	0.188628	0.228788
YALI0_F05390g	11453	913.665894	173.828720	210.837570
YALI0_D14652g	5400	181.048798	34.445282	41.778824
YALI0_A07579g	10	0.611742	0.116386	0.141166
YALI0_D18271g	5602	513.812012	97.754860	118.567268
YALI0_E34771g	1307	81.424072	15.491266	18.789421
YALI0_E32483g	3315	259.534119	49.377438	59.890099
YALI0_C06460g	1444	89.314339	16.992422	20.610178
YALI0_E32593g	7847	481.193115	91.548981	111.040138
YALI0_F24072g	618	129.204971	24.581779	29.815342
YALI0_F16819g	117729	9028.502930	1717.709961	2083.417480
YALI0_C10758g	1011	31.809479	6.051885	7.340356
YALI0_B12408g	6911	253.988174	48.322300	58.610317
EFYLIG00000000583	0	0.0	0.0	0.0
YALI0_A09636g	2346	288.192200	54.829758	66.503235
YALI0_A07447g	683	38.468452	7.318782	8.876981
YALI0_F18722g	20159	1450.135986	275.894379	334.633392
YALI0_C08437g	823	46.556301	8.857529	10.743333
YALI0_D16445g	2277	270.841003	51.528622	62.499275
YALI0_E32637g	5361	876.074463	166.676788	202.162964
YALI0_E32164g	4153	1536.252808	292.278442	354.505737
YALI0_F04840r	0	0.000000	0.000000	0.000000
YALI0_A10703g	741	67.522133	12.846365	15.581409
YALI0_E09405g	3033	267.986877	50.985611	61.840660
YALI0_F11561g	2869	485.288116	92.328072	111.985100
EFYLIG00000000586	0	0.000000	0.000000	0.000000
YALI0_D22220g	386	48.934589	9.310008	11.292147
YALI0_E31823g	477	46.357418	8.819691	10.697439
YALI0_F26367g	984	86.462151	16.449781	19.952009
YALI0_B01276g	287	28.494083	5.421117	6.575295
YALI0_F07238g	498	65.236053	12.411429	15.053873
YALI0_D09867g	3301	239.463364	45.558895	55.258572
YALI0_F02849g	4695	388.336609	73.882645	89.612564
YALI0_B02750g	5184	105.500198	20.071848	24.345228
YALI0_D23331g	2385	152.054932	28.929081	35.088200
YALI0_C22066g	6021	229.560593	43.674854	52.973408
YALI0_F07216g	397	22.225000	4.228398	5.128642
YALI0_A03817g	1612	257.170624	48.927773	59.344700
YALI0_B16544g	1771	64.647865	12.299523	14.918142
YALI0_C15785g	14	9.273334	1.764290	2.139915
YALI0_E29249g	12297	511.092194	97.237404	117.939644
YALI0_A05203g	102	4.928640	0.937694	1.137333
YALI0_F13079g	1480	93.292763	17.749334	21.528240
YALI0_B01628g	14228	494.840210	94.145401	114.189346
YALI0_D07128g	14677	2352.863525	447.641998	542.946838
YALI0_D17490g	864	461.619049	87.824928	106.523224
YALI0_E04664g	120	7.696680	1.464325	1.776086
YALI0_E28941g	3184	190.703445	36.282120	44.006729
YALI0_E11627g	888	72.683701	13.828375	16.772493
YALI0_B10131g	234	35.929985	6.835828	8.291204
YALI0_F07623g	975	73.365395	13.958070	16.929800
YALI0_D12969g	3772	209.162537	39.794037	48.266354
YALI0_E30327g	3765	681.340515	129.627853	157.226166
YALI0_B22902g	2414	185.484024	35.289101	42.802299
YALI0_D15400g	5833	510.014709	97.032410	117.691010
YALI0_E02156g	1513	98.682167	18.774691	22.771900
YALI0_F17292g	2156	302.318054	57.517262	69.762924
YALI0_B17204g	587	90.158295	17.152988	20.804930
YALI0_C05258g	2751	173.763596	33.059242	40.097694
YALI0_A17380g	1791	228.376266	43.449528	52.700115
YALI0_C04026g	455	31.251701	5.945765	7.211644
YALI0_E29007g	995	48.050217	9.141752	11.088069
YALI0_C10142g	8009	447.889252	85.212784	103.354935
YALI0_A04015r	0	0.0	0.0	0.0
YALI0_C24299g	2929	296.040039	56.322842	68.314209
YALI0_D10923g	6291	520.312012	98.991508	120.067207
YALI0_A09020g	12083	292.233002	55.598534	67.435692
YALI0_D03267g	2415	163.911285	31.184799	37.824173
YALI0_E07557g	6538	306.130280	58.242554	70.642632
YALI0_E28743g	2182	139.596954	26.558899	32.213398
YALI0_D15884r	0	0.0	0.0	0.0
YALI0_D26774g	1928	55.046093	10.472747	12.702437
YALI0_B01166g	13083	792.185852	150.716629	182.804825
ENSRNA049670062	0	0.000000	0.000000	0.000000
YALI0_D04631r	0	0.0	0.0	0.0
YALI0_A00594g	9474	741.728699	141.116959	171.161331
YALI0_A17946g	372	134.426529	25.575203	31.020269
YALI0_A15818r	0	0.0	0.0	0.0
YALI0_E01760g	605	50.990810	9.701212	11.766641
ENSRNA049670319	41	55.633221	10.584450	12.837923
YALI0_E00132g	1754	123.004860	23.402184	28.384604
YALI0_B14179g	2299	187.352707	35.644627	43.233513
YALI0_C00187g	5587	225.249100	42.854572	51.978489
YALI0_E21021g	73295	1275.238281	242.619354	294.274017
YALI0_B06919g	226	17.013453	3.236880	3.926025
YALI0_B20064g	175	9.432693	1.794609	2.176688
YALI0_D00473g	2209	221.323410	42.107693	51.072594
YALI0_C12430g	1569	84.100319	16.000433	19.406992
YALI0_C09904g	12860	339.295990	64.552467	78.295952
YALI0_F30855g	3860	110.205261	20.967007	25.430969
YALI0_B16852g	6595	709.313110	134.949753	163.681107
YALI0_C12122g	0	0.0	0.0	0.0
ENSRNA049658229	0	0.0	0.0	0.0
EFYLIG00000000267	3	2.868132	0.545674	0.661850
YALI0_A10901g	0	0.0	0.0	0.0
YALI0_E33869g	4451	792.828918	150.838974	182.953217
YALI0_B08448g	11	0.628954	0.119661	0.145137
YALI0_B10582g	2228	153.668045	29.235981	35.460442
YALI0_E22484g	7861	1089.028809	207.192230	251.304321
YALI0_D17556g	8	0.792899	0.150852	0.182969
EFYLIG00000000048	0	0.000000	0.000000	0.000000
YALI0_B03718g	35286	632.555725	120.346336	145.968567
YALI0_A14839g	4878	149.551605	28.452812	34.510532
YALI0_C22858g	693	54.826668	10.431001	12.651803
YALI0_A02651g	3695	679.617493	129.300034	156.828552
YALI0_C12254g	2175	172.252563	32.771763	39.749004
YALI0_C18491g	6378	207.840912	39.542595	47.961372
YALI0_B11308g	202	94.125000	17.907671	21.720287
YALI0_C07700g	2299	147.675568	28.095886	34.077618
YALI0_C19690g	16	6.109804	1.162416	1.409899
YALI0_D14850g	2513	768.963623	146.298508	177.446075
YALI0_C02277r	0	0.000000	0.000000	0.000000
YALI0_D07502g	106	5.302579	1.008838	1.223623
YALI0_E06413g	5192	420.159454	79.937073	96.956009
YALI0_F05280g	1081	97.759850	18.599215	22.559065
YALI0_E28226g	662	49.155998	9.352132	11.343240
YALI0_E25311r	0	0.0	0.0	0.0
YALI0_E21824g	1211	77.634285	14.770243	17.914890
YALI0_D25344g	2783	242.693436	46.173431	56.003944
YALI0_B08646r	0	0.0	0.0	0.0
YALI0_F01496g	13338	4276.590332	813.638977	986.866089
YALI0_D20240g	7180	216.587509	41.206669	49.979736
YALI0_E31383g	778	35.586502	6.770479	8.211943
YALI0_B04906g	4784	278.651093	53.014519	64.301537
YALI0_E15884g	193	25.320312	4.817294	5.842916
YALI0_A18524g	32404	3648.522217	694.146423	841.933105
YALI0_A14861g	41	1.254394	0.238654	0.289464
YALI0_C22022g	823	41.013828	7.803051	9.464352
YALI0_E12859g	13930	802.994873	152.773087	185.299118
YALI0_E15246g	3005	443.619873	84.400513	102.369736
YALI0_F09471g	2606	352.323975	67.031090	81.302284
YALI0_A17666g	336	21.921835	4.170720	5.058683
YALI0_E24673g	39685	2283.824463	434.507050	527.015381
ENSRNA049655442	0	0.0	0.0	0.0
EFYLIG00000000256	3	2.219079	0.422189	0.512075
YALI0_A20328g	4310	195.784073	37.248730	45.179138
YALI0_C17567g	2774	355.086182	67.556610	81.939697
YALI0_E11121g	1840	109.239861	20.783335	25.208195
YALI0_F23243g	5072	372.765656	70.920204	86.019417
YALI0_C04543g	3110	170.233063	32.387547	39.282986
YALI0_E26301g	1143	136.901535	26.046083	31.591402
YALI0_E00616g	0	0.0	0.0	0.0
YALI0_C12276g	10480	693.129639	131.870773	159.946625
YALI0_C06886g	24562	5233.538086	995.702271	1207.691406
YALI0_E00638g	41613	3045.578369	579.433838	702.797791
YALI0_E31947r	16	5.929148	1.128045	1.368210
YALI0_C15304g	881	128.648331	24.527433	29.749424
YALI0_C21956g	8677	411.996246	78.383995	95.072266
YALI0_D04444g	4456	116.374969	22.140820	26.854691
YALI0_D10747g	1935	390.087830	74.215820	90.016678
YALI0_C08220g	494	34.676903	9.534930	11.564956
ENSRNA049652890	0	0.0	0.0	0.0
YALI0_D11396g	354	58.599342	11.148767	13.522387
YALI0_E18282g	1238	127.393478	24.237137	29.397324
YALI0_F28435g	1074	70.575523	13.427285	16.286009
YALI0_E27181g	845	41.254475	7.848834	9.519884
YALI0_E28919g	880	98.730003	18.783791	22.782938
EFYLIG00000000461	5	5.834095	1.109961	1.346276
YALI0_E15081g	6653	273.783203	52.088387	63.178219
YALI0_F22693g	2838	264.617737	50.344620	61.063198
YALI0_D05247g	1150	159.960052	30.433062	36.912384
YALI0_D06633g	295	29.197060	5.554862	6.737514
YALI0_F01969g	1776	73.802467	14.041224	17.030659
YALI0_F18766g	28531	3952.820312	752.040405	912.152893
ENSRNA049658956	0	0.0	0.0	0.0
YALI0_E32131g	2772	166.926056	31.758373	38.519859
YALI0_B16104g	11720	747.256287	142.168594	172.436874
YALI0_C14190g	10367	529.592834	100.757225	122.208855
YALI0_E10989g	811	78.886322	15.008449	18.203810
YALI0_F06138g	338	23.794550	4.527012	5.490831
YALI0_F14311g	1685	169.782440	32.301811	39.179001
YALI0_F06116g	16519	980.807739	186.602722	226.331223
YALI0_E16665g	689	91.242783	17.359316	21.055187
YALI0_B20526g	4	0.338422	0.064386	0.078094
YALI0_C22836g	1006	505.054718	96.088753	116.546440
YALI0_A07271r	0	0.0	0.0	0.0
YALI0_F10373g	543	36.553333	6.954423	8.435048
YALI0_C13794g	3442	309.819061	58.944355	71.493858
YALI0_E20361g	10087	810.454285	154.192276	187.020447
EFYLIG00000000146	1	0.994792	0.189263	0.229558
YALI0_B06941g	2915	402.096985	76.500610	92.787910
YALI0_F13893r	0	0.0	0.0	0.0
YALI0_E08338g	6089	134.323074	25.555521	30.996395
YALI0_B20834g	17229	551.868713	104.995300	127.349243
YALI0_E19140g	24	4.634099	0.881657	1.069365
YALI0_F07084g	9555	138.831253	26.413219	32.036701
YALI0_E08316g	4056	154.992447	29.487953	35.766060
YALI0_B05126g	4533	291.185760	55.399292	67.194031
YALI0_E11913g	1415	113.140938	21.525532	26.108406
YALI0_C23012r	0	0.0	0.0	0.0
YALI0_E19382g	3710	193.622223	36.837429	44.680271
YALI0_D23749g	9117	418.148956	79.554565	96.492065
YALI0_C05599g	3801	263.791748	50.187473	60.872589
YALI0_D05379g	2797	80.879715	15.455644	18.746216
EFYLIG00000000084	0	0.0	0.0	0.0
YALI0_B01254g	396	70.511467	13.415098	16.271227
YALI0_B00704g	13891	2185.260010	415.754761	504.270660
YALI0_D25806g	3988	343.338440	65.321564	79.228783
YALI0_C10736g	1055	140.357056	26.703510	32.388798
YALI0_A09658g	7357	425.557892	80.964149	98.201752
YALI0_F00792g	1145	93.986992	17.881413	21.688440
YALI0_D17072g	1065	193.665787	42.764137	51.868793
YALI0_F31229g	2414	149.072769	28.361712	34.400036
YALI0_C05489g	3990	270.772858	51.515656	62.483555
YALI0_F04686g	6735	199.578049	37.970547	46.054634
YALI0_F10879r	0	0.0	0.0	0.0
EFYLIG00000000398	7	5.973919	1.136563	1.378542
ENSRNA049672426	0	0.000000	0.000000	0.000000
YALI0_C05423r	0	0.000000	0.000000	0.000000
YALI0_D12496g	3992	301.338562	57.330906	69.536896
YALI0_D11286g	2365	370.293030	70.449776	85.448830
YALI0_C11055g	1112	173.169769	32.946266	39.960663
YALI0_E21472g	337	73.053764	13.898781	16.857889
YALI0_F29843g	14922	668.912598	127.263382	154.358276
YALI0_B01430g	1458	91.190208	17.349314	21.043055
YALI0_F31020g	158	36.875000	7.015622	8.509276
YALI0_C05236g	214	42.239216	8.036186	9.747123
YALI0_C19536r	1	0.473052	0.090000	0.109161
YALI0_A00220r	0	0.000000	0.000000	0.000000
YALI0_B20878g	10528	1189.291992	226.267731	274.441071
YALI0_F16049g	1236	132.936096	25.291643	30.676336
YALI0_A04576r	1	0.168573	0.032072	0.038900
YALI0_B10274g	1264	257.868683	49.060581	59.505783
YALI0_F11539g	1711	142.193420	27.052887	32.812557
YALI0_F14927g	4243	180.575638	34.355263	41.669636
YALI0_A14069g	4	0.382576	0.072787	0.088283
YALI0_C12815r	0	0.0	0.0	0.0
YALI0_F02453g	11221	872.398010	165.977325	201.314590
YALI0_E15268g	3265	620.988708	118.145676	143.299377
YALI0_A20174g	41200	1731.655396	329.454590	399.596863
YALI0_F30426g	1977	400.877502	76.268600	92.506500
YALI0_B16610g	2068	217.472916	41.375122	50.184055
YALI0_D21802g	2130	55.869576	10.629417	12.892465
YALI0_D06369g	214	22.848677	4.347055	5.272561
YALI0_D12727g	1150	62.100590	11.814894	14.330334
ENSRNA049669801	9	6.753861	1.284950	1.558521
YALI0_C10648g	6860	97.937943	18.633099	22.600163
YALI0_C12166g	0	0.000000	0.000000	0.000000
YALI0_F04488r	0	0.0	0.0	0.0
YALI0_D22847g	14356	1173.083374	223.183960	270.700745
YALI0_D13090g	4011	465.578156	88.578171	107.436821
YALI0_F26147g	1963	274.107880	52.150158	63.253139
YALI0_B22308g	14612	919.460449	174.931152	212.174728
YALI0_B01980g	1265	95.645691	18.196987	22.071201
YALI0_F30107g	845	119.894516	22.810427	27.666861
YALI0_B12870g	666	55.458744	10.551255	12.797661
EFYLIG00000000311	0	0.0	0.0	0.0
YALI0_F15477g	6888	702.680786	133.687927	162.150635
YALI0_E31031g	5197	471.545380	89.713455	108.813820
YALI0_A13915g	0	0.0	0.0	0.0
YALI0_B05632g	949	61.390385	11.679774	14.166447
YALI0_E28402g	76	3.545539	0.674553	0.818169
YALI0_A11803g	57	5.888545	1.120320	1.358841
YALI0_E20119g	3766	696.622681	132.535355	160.752655
YALI0_D18359g	2734	179.394409	34.130527	41.397060
YALI0_B01224g	14902	356.564301	67.837830	82.280785
YALI0_A17710r	0	0.0	0.0	0.0
YALI0_B14267g	14073	1895.110718	360.552643	437.315796
YALI0_E09262g	27359	2193.050781	417.237000	506.068481
YALI0_E00506g	3799	132.937973	25.292000	30.676771
YALI0_E30723g	733	50.040569	9.520426	11.547362
EFYLIG00000000238	1	0.023664	0.004502	0.005461
ENSRNA049671322	0	0.000000	0.000000	0.000000
YALI0_A03443g	10162	564.554443	107.408813	130.276596
YALI0_A20966g	666	163.530411	31.112337	37.736282
YALI0_E04268g	1577	135.088211	25.701090	31.172958
YALI0_E05533g	15618	1337.889771	254.539062	308.731476
YALI0_C06820g	38303	3542.619873	673.998047	817.495056
YALI0_F26763g	530	14.768657	2.809798	3.408016
YALI0_F03619g	768	52.756462	10.037135	12.174083
YALI0_D24563g	407	65.134933	12.392190	15.030539
YALI0_D21098g	1011	85.060837	16.183176	19.628641
YALI0_C11858g	1468	64.657501	12.301357	14.920366
YALI0_E31449g	6799	490.086365	93.240959	113.092346
YALI0_D26345g	1346	132.035950	25.120386	30.468620
YALI0_F17028g	1099	83.634995	15.911903	19.299612
YALI0_F00814g	302	79.328125	15.092504	18.305761
YALI0_E09933g	6319	259.113281	49.297375	59.792988
YALI0_D03179g	3747	100.839020	21.806452	26.449137
YALI0_E19426g	149011	20310.408203	3864.138916	4686.830566
YALI0_E14993g	1755	163.143646	31.038754	37.647034
YALI0_A01602g	70	3.700475	0.704031	0.853922
YALI0_E32351g	1532	161.121872	30.654104	37.180489
YALI0_C09350g	2247	429.634460	81.739731	99.142456
YALI0_A08734g	9135	684.904236	130.305862	158.048523
YALI0_F19096g	4432	166.694611	31.714340	38.466454
YALI0_F02057g	5844	247.468338	47.081875	57.105801
YALI0_E20647g	6565	541.688721	103.058517	125.000099
YALI0_A02266g	645	24.751520	4.709079	5.711661
ENSRNA049650865	0	0.0	0.0	0.0
YALI0_F16467g	5786	324.652222	61.766430	74.916756
YALI0_A08327g	3	0.855932	0.162845	0.197515
YALI0_E21714r	0	0.0	0.0	0.0
YALI0_B18964g	21899	788.488770	150.013245	181.951691
YALI0_C20691g	522	34.243664	6.514998	7.902069
YALI0_A20570g	3034	322.211365	61.302040	74.353500
YALI0_D09427g	11698	1219.261108	231.969467	281.356720
YALI0_A14784g	6315	1280.589355	243.637405	295.508820
YALI0_E35024g	2071	566.699158	107.816856	130.771500
YALI0_F25773g	8	0.542754	0.103261	0.125246
ENSRNA049654159	1	0.569892	0.108424	0.131508
YALI0_A02717g	1123	118.069794	22.463266	27.245789
YALI0_F06358g	31950	1955.709717	372.081848	451.299622
YALI0_C07744g	564	35.503746	6.754735	8.192845
YALI0_B03850g	558	37.621910	7.157724	8.681633
YALI0_D08514g	6439	914.637146	174.013489	211.061691
YALI0_F31977g	1113	28.801691	5.479641	6.646279
YALI0_D27280g	2755	151.522873	28.827852	34.965424
YALI0_C18832r	2	1.134975	0.215934	0.261907
YALI0_E22627g	426	62.512371	11.893237	14.425357
YALI0_F12771g	1952	176.627228	33.604057	40.758503
YALI0_B10560g	3707	204.569962	38.920284	47.206570
YALI0_B03652g	6237	843.207520	160.423721	194.578583
EFYLIG00000000556	0	0.0	0.0	0.0
YALI0_B11902g	179	7.700043	1.464965	1.776862
YALI0_F21945g	1983	82.707970	15.735534	19.085693
YALI0_A16489g	955	103.379417	19.668362	23.855837
ENSRNA049670550	0	0.000000	0.000000	0.000000
YALI0_D21406g	923	105.328804	20.039240	24.305679
YALI0_B10087g	73	5.499253	1.046256	1.269008
YALI0_D03888g	1305	19.123785	3.638379	4.413005
YALI0_E32175g	625	131.495834	25.017628	30.343981
YALI0_B18759g	10457	171.479462	32.624676	39.570602
YALI0_F02695g	2197	185.788940	35.347115	42.872662
YALI0_E10439g	2044	190.533707	36.249828	43.967564
YALI0_D10659g	5471	472.532135	95.034882	115.268196
YALI0_E26455g	18642	4482.952148	852.900208	1034.486206
EFYLIG00000000307	0	0.0	0.0	0.0
YALI0_C07953g	352867	16850.826172	3205.939453	3888.497070
YALI0_B09515g	5186	376.220551	71.577515	86.816666
YALI0_F26961g	27	2.752033	0.523586	0.635059
YALI0_B17996g	327	11.743589	2.234267	2.709951
YALI0_F00528g	10220	2035.792969	387.318024	469.779663
YALI0_B07777g	5	0.919854	0.175006	0.212266
YALI0_E16973g	240	20.655556	3.929805	4.766477
YALI0_B16500g	135469	8821.632812	1678.352173	2035.680298
ENSRNA049652917	1	0.561798	0.106884	0.129641
YALI0_E12573g	437	35.192982	6.695611	8.121133
EFYLIG00000000482	0	0.0	0.0	0.0
YALI0_A14113r	1	0.831713	0.158237	0.191926
YALI0_D06083g	9318	939.236511	178.693634	216.738235
YALI0_F04620g	11039	1637.183594	311.480957	377.796539
YALI0_E04246g	579	46.835735	8.910692	10.807816
YALI0_F03597g	1028	102.015732	19.408915	23.541151
YALI0_B15906g	6285	291.017426	55.367268	67.155190
YALI0_C06622g	143	11.339622	2.157410	2.616731
YALI0_D11220g	14551	871.635254	165.832199	201.138580
YALI0_D01958g	8	1.226357	0.233319	0.282994
YALI0_F22561g	5218	878.359985	167.111618	202.690369
ENSRNA049671143	155	85.989014	16.359766	19.842827
YALI0_E33429g	3167	163.747574	31.153654	37.786392
YALI0_D07326g	3834	168.714157	32.098568	38.932484
YALI0_E25872g	1359	150.406799	28.615515	34.707878
ENSRNA049673275	40	26.549730	5.051196	6.126616
YALI0_C00451g	2497	145.910873	27.760147	33.670399
YALI0_E30921g	931	73.544601	13.992164	16.971153
YALI0_C19943g	37	3.466668	0.659548	0.799968
YALI0_A00369g	69	8.752201	1.665142	2.019658
YALI0_D15444g	2034	68.333336	13.000699	15.768602
YALI0_E01782g	5626	312.537415	59.461536	72.121140
YALI0_D07040g	8500	489.962891	93.217468	113.063850
YALI0_F03751g	69	3.997112	0.760467	0.922374
YALI0_E04675g	6448	461.839020	87.866783	106.573982
YALI0_E32769g	12936	845.636230	160.885788	195.139038
YALI0_F24189g	243	21.845398	4.156177	5.041045
YALI0_B05830g	135	36.269333	6.900391	8.369512
YALI0_F03245g	5176	133.936905	25.482050	30.907284
YALI0_E24981g	2168	112.104454	21.328337	25.869226
YALI0_F11363g	21753	3470.755127	660.325500	800.911499
YALI0_F17248g	9566	689.587463	131.196869	159.129211
YALI0_C02915g	974	100.819489	19.181324	23.265108
YALI0_B15722g	8274	114.623459	21.807587	26.450512
ENSRNA049671556	0	0.0	0.0	0.0
YALI0_C19283g	1907	448.941711	85.413017	103.597794
YALI0_D08470g	2557	256.888550	48.874111	59.279606
YALI0_B00154g	34349	2206.879883	419.868042	509.259674
YALI0_F08085g	45	4.242165	0.807089	0.978922
YALI0_F30129g	1761	198.244141	37.716766	45.746822
YALI0_D19294g	0	0.0	0.0	0.0
YALI0_F06864g	7906	390.804688	74.352211	90.182098
ENSRNA049672317	1563	396.555267	75.446274	91.509102
YALI0_E24299g	8426	936.187073	178.113464	216.034546
YALI0_A04763r	0	0.000000	0.000000	0.000000
EFYLIG00000000509	0	0.0	0.0	0.0
YALI0_B06534g	269	92.363945	17.572622	21.313906
EFYLIG00000000484	2	2.000000	0.380508	0.461520
YALI0_C00803g	54	3.486884	0.663394	0.804633
YALI0_F26609g	2784	276.412994	52.588715	63.785069
YALI0_D18920g	6453	479.524658	91.231544	110.655128
YALI0_A12265g	67	15.940475	3.032742	3.678424
YALI0_A04147r	0	0.000000	0.000000	0.000000
YALI0_E24475g	13471	3876.111084	737.446167	894.451477
ENSRNA049656363	0	0.0	0.0	0.0
YALI0_C21021g	1184	177.915176	33.849098	41.055714
ENSRNA049654637	0	0.0	0.0	0.0
YALI0_E26169g	1113	237.061188	45.101871	54.704247
YALI0_E03300g	10	1.531353	0.291346	0.353375
YALI0_C20339g	1691	181.859421	34.599506	41.965885
YALI0_C18293g	2956	86.586304	16.473402	19.980658
YALI0_C01760g	1378	241.472229	45.941090	55.722137
YALI0_E27830g	27032	4840.780273	920.978516	1117.058594
YALI0_D01606g	2909	238.821945	45.436863	55.110561
YALI0_F05874g	17676	1506.558594	286.628998	347.653503
YALI0_B23452g	119427	14257.741211	2712.594238	3290.116699
YALI0_F06061g	928	332.241150	63.210251	76.667976
YALI0_B23386g	1150	218.677963	41.604389	50.462135
YALI0_B06578g	2352	504.195343	95.925247	116.348129
YALI0_C22594g	273	16.002327	3.044509	3.692697
YALI0_C22484g	1433	187.656296	35.702385	43.303570
YALI0_A19646g	627	33.216274	6.319533	7.664988
YALI0_E19481g	574	193.003326	36.719681	44.537453
YALI0_E02288g	8221	873.056824	166.102676	201.466614
YALI0_B21846g	2814	239.779739	45.619087	55.331581
YALI0_B11726g	4421	179.748795	34.197952	41.478836
YALI0_C21824g	13100	2308.972168	439.291504	532.818481
YALI0_E06655g	1627	70.640862	13.439716	16.301088
YALI0_F03993g	2061	290.299866	55.230751	66.989609
EFYLIG00000000305	0	0.0	0.0	0.0
YALI0_E25179g	174	9.680464	1.841748	2.233864
YALI0_C02035r	0	0.0	0.0	0.0
YALI0_E10505g	34510	2986.688965	568.229919	689.208435
YALI0_D06435g	10063	411.639923	78.316200	94.990044
YALI0_B04752g	266	56.628693	10.773843	13.067638
YALI0_F22495g	2459	133.260330	25.353329	30.751156
YALI0_E14619g	743	173.710648	33.049171	40.085472
YALI0_F21285g	297	91.715599	17.449272	21.164293
YALI0_C18447g	168	14.013234	2.666076	3.233694
YALI0_C04235g	85	25.061947	4.768139	5.783295
ENSRNA049652067	0	0.0	0.0	0.0
YALI0_F28633g	751	35.447872	6.744104	8.179952
YALI0_F10593r	3	2.022163	0.384725	0.466634
YALI0_A05885g	4697	411.795990	78.345886	95.026054
YALI0_E16577g	5499	530.455566	100.921364	122.407936
YALI0_A05401g	433	88.743904	16.883894	20.478546
YALI0_C19866g	797	75.773071	14.416140	17.485395
YALI0_E14597g	22163	1135.690063	216.069748	262.071869
YALI0_A18700g	2098	96.078461	18.279325	22.171068
YALI0_F27863g	3295	219.621124	41.783829	50.679775
YALI0_E14487g	27789	6114.751465	1163.356812	1411.040161
YALI0_B04686r	0	0.0	0.0	0.0
YALI0_F02211g	301	29.381783	5.590006	6.780141
YALI0_C21384g	82	14.197595	2.701151	3.276237
YALI0_D13618g	13870	502.101074	95.526810	115.864861
YALI0_B11264g	22	4.514583	0.858918	1.041785
YALI0_B04488g	6469	147.050186	27.976906	33.933308
YALI0_B21868g	769	115.558037	21.985395	26.666176
YALI0_E14751g	10463	693.408142	131.923767	160.010880
YALI0_A19668g	9391	383.678406	72.996407	88.537636
YALI0_E02398g	2190	57.145477	10.872164	13.186892
YALI0_E27632g	19496	1653.229248	314.533691	381.499237
ENSRNA049671854	0	0.000000	0.000000	0.000000
YALI0_B04598g	11355	413.245758	78.621719	95.360603
YALI0_B08492g	189	22.089432	4.202606	5.097358
YALI0_F04334g	7793	457.825470	87.103195	105.647820
YALI0_F22957g	872	45.941574	8.740575	10.601480
YALI0_E08602g	2337	237.682785	45.220135	54.847687
YALI0_E31581g	3045	162.167191	30.852980	37.421703
YALI0_F03025g	347	46.101448	8.770991	10.638371
YALI0_D19536g	14317	400.993347	76.290642	92.533234
YALI0_E22066g	2385	198.195068	37.707432	45.735500
YALI0_F28369g	23	1.495389	0.284504	0.345076
YALI0_F09790g	85729	19113.751953	3636.470215	4410.689941
YALI0_E11330g	1151	586.883850	111.657082	135.429337
YALI0_F17600g	1393	197.001404	37.480331	45.460049
YALI0_E04026g	1225	274.820007	52.285641	63.417469
YALI0_D18436g	40	3.780676	0.719289	0.872429
YALI0_D12815g	442	112.583336	21.419445	25.979734
YALI0_E34837g	3604	380.356323	72.364365	87.771034
YALI0_E33231g	1112	88.706947	16.876863	20.470016
YALI0_C06798g	7047	342.799622	65.219048	79.104446
YALI0_F04378g	5226	236.769852	45.046444	54.637016
YALI0_E18656g	1560	78.364182	14.909109	18.083321
YALI0_E26279g	1239	97.871674	18.620491	22.584869
YALI0_D16753g	121437	12060.016602	2294.468018	2782.969727
YALI0_D07890g	2818	526.927795	100.250191	121.593872
YALI0_C11627g	420	54.739017	10.414325	12.631577
YALI0_E24783g	524	113.746239	21.640692	26.248085
YALI0_F14553g	2668	150.929413	28.714945	34.828472
YALI0_A04059g	800	48.940605	9.311152	11.293535
YALI0_F12463g	65705	2825.103027	537.487549	651.920837
YALI0_A00110g	571	21.983582	4.182467	5.072932
YALI0_E33407g	2437	203.516953	38.719940	46.963577
YALI0_D26796g	8262	604.681641	115.043190	139.536362
YALI0_E34170g	13264	1086.447632	206.701157	250.708679
YALI0_D09955g	1264	41.074966	7.814682	9.478460
YALI0_B12782g	3624	244.933731	46.599655	56.520912
YALI0_E01672g	5195	266.600616	50.721870	61.520767
YALI0_F15719g	1414	223.356812	42.494556	51.541824
YALI0_E33275g	834	142.377319	27.087873	32.854992
YALI0_E04785g	2843	249.206604	47.412586	57.506924
EFYLIG00000000574	0	0.0	0.0	0.0
YALI0_A17512g	3080	165.091827	31.409401	38.096592
ENSRNA049651625	0	0.0	0.0	0.0
YALI0_F16115g	17325	812.345398	154.552063	187.456848
YALI0_A15059g	279	41.421829	7.880674	9.558502
YALI0_E11517g	11035	1651.130371	314.134369	381.014893
YALI0_B20680g	3517	150.999573	28.728294	34.844666
YALI0_E20295g	604	93.191132	17.730000	21.504787
YALI0_F07513g	1979	56.220535	10.696190	12.973453
YALI0_F23023g	2136	72.188087	13.734081	16.658125
YALI0_E33774g	4227	107.564880	20.464664	24.821674
EFYLIG00000000178	0	0.0	0.0	0.0
YALI0_D18986g	1143	126.494514	24.066105	29.189877
YALI0_C20757g	3617	98.182793	18.679682	22.656664
YALI0_F02145g	12130	1018.358276	193.746872	234.996384
YALI0_A01485g	335	31.114180	5.919601	7.179909
YALI0_E14509g	1307	94.403435	17.960644	21.784538
YALI0_E10615g	128	26.737501	5.086920	6.169947
YALI0_C19360g	1969	165.233582	31.436371	38.129307
YALI0_E19008g	10670	653.122437	124.259239	150.714554
YALI0_C16885g	138438	8615.022461	1639.043579	1988.002808
YALI0_B23320g	373	54.043102	10.281924	12.470988
YALI0_F12067g	20976	2120.684570	403.468994	489.369232
YALI0_B15598g	183616	12615.736328	2400.196045	2911.207520
EFYLIG00000000082	0	0.0	0.0	0.0
YALI0_C22121g	71	11.451456	2.178687	2.642538
YALI0_F01474g	336	59.184990	11.260189	13.657529
YALI0_C09053r	3	3.380282	0.643113	0.780034
YALI0_B13860g	381	112.467834	21.397470	25.953079
YALI0_E15103g	1493	207.586777	39.494240	47.902733
YALI0_B14905g	3492	363.925690	69.238373	83.979500
YALI0_B19998g	12196	189.324158	36.120117	43.810238
YALI0_B17050g	8292	903.369995	171.869873	208.461685
YALI0_B07535g	6663	83.550354	15.996937	19.402750
YALI0_F07865g	1777	154.526276	29.399261	35.658485
YALI0_C01991g	1978	67.996933	12.936698	15.690974
YALI0_A13013g	107	10.406551	1.979890	2.401416
YALI0_B22440g	3890	271.124237	51.582508	62.564632
YALI0_E17193g	3050	91.841087	17.473146	21.193253
YALI0_F05412g	623	45.771469	8.708211	10.562225
YALI0_B15488g	2854	208.403473	39.649624	48.091190
YALI0_B00550g	805	104.160255	19.816919	24.036024
YALI0_D18832g	1574	162.488754	30.914160	37.495907
EFYLIG00000000310	1	0.174138	0.033130	0.040184
YALI0_D08228g	48417	5326.866699	1013.458435	1229.227905
YALI0_F30591g	28	2.468612	0.469664	0.569657
YALI0_B13662g	577	73.277985	13.941439	16.909630
YALI0_E26653g	5759	147.435745	28.050261	34.022278
YALI0_A02416g	81	48.488094	9.225060	11.189115
YALI0_D26433g	1342	63.143085	12.013233	14.570900
YALI0_B06391g	44	2.666056	0.507228	0.615219
YALI0_B21340g	12120	505.613800	96.195122	116.675453
YALI0_E31735g	1292	236.226456	44.943062	54.511620
YALI0_C24233g	5597	392.529175	74.680298	90.580048
YALI0_F30481g	1635	123.089485	23.418283	28.404133
YALI0_F08635g	4252	238.542221	45.383644	55.046009
YALI0_D13508g	1458	219.071426	41.679245	50.552929
YALI0_A14366g	950	165.659760	31.517454	38.227650
YALI0_F31207g	9728	866.362427	164.829041	199.921814
YALI0_D02585g	1485	106.991432	20.355562	24.689346
YALI0_C20141g	1040	189.162155	35.988884	43.651066
ENSRNA049654521	0	0.0	0.0	0.0
YALI0_C08118g	11921	1520.119995	289.209106	350.782928
YALI0_F17754g	2029	279.953552	53.262318	64.602089
YALI0_F27291g	2014	103.959610	19.778746	23.989721
YALI0_C17963g	66	4.113608	0.782631	0.949256
YALI0_F14685g	1126	199.468414	37.949692	46.029335
YALI0_E21219g	12289	3207.198975	610.182861	740.093323
YALI0_E10263g	999	92.891342	17.672962	21.435610
ENSRNA049658034	0	0.0	0.0	0.0
YALI0_B15752g	4377	767.363708	145.994125	177.076874
YALI0_E18942g	2181	124.623093	23.710058	28.758028
YALI0_F25201g	992	190.651428	36.272224	43.994728
ENSRNA049673153	1	0.712053	0.135471	0.164313
YALI0_B09251g	1601	113.644867	21.621405	26.224691
YALI0_D11968g	2668	206.467438	39.281284	47.644432
YALI0_C06017g	146	29.749495	5.659964	6.864994
YALI0_E33165g	2633	238.874207	45.446808	55.122620
YALI0_C10076g	10	0.633333	0.120494	0.146148
YALI0_E24431g	682	24.394970	4.641244	5.629384
YALI0_A03465r	0	0.0	0.0	0.0
YALI0_D00319g	49496	2749.774414	523.155945	634.538025
EFYLIG00000000496	0	0.0	0.0	0.0
YALI0_E19833r	0	0.0	0.0	0.0
YALI0_D17732g	23206	285.685272	58.084984	70.451508
YALI0_D24651g	1508	87.666092	16.678837	20.229828
YALI0_F13354g	792	239.954956	45.652424	55.372013
YALI0_F20900g	1788	169.488266	32.245846	39.111118
YALI0_E03806g	455	62.465302	11.884282	14.414495
YALI0_B15125g	30982	5294.636230	1007.326416	1221.790405
ENSRNA049655416	0	0.0	0.0	0.0
YALI0_F13761g	3775	321.677673	61.200512	74.230347
ENSRNA049672984	0	0.000000	0.000000	0.000000
ENSRNA049658709	0	0.0	0.0	0.0
YALI0_D22935g	2872	136.742096	26.015749	31.554609
YALI0_C08745g	1477	191.900894	36.509937	44.283054
ENSRNA049657580	0	0.0	0.0	0.0
YALI0_F03388g	58777	3698.732666	703.699158	853.519592
YALI0_E34606g	24438	313.780884	59.698112	72.408089
YALI0_F18854g	1209	123.659576	23.526745	28.535686
YALI0_E01870g	3611	211.768875	40.289902	48.867790
YALI0_F26697g	2197	486.596497	92.576996	112.287025
YALI0_D20658g	135	6.521822	1.240804	1.504976
ENSRNA049670194	0	0.0	0.0	0.0
YALI0_F28083g	6457	426.237915	81.093529	98.358673
YALI0_E04136g	2543	89.162155	16.963469	20.575060
YALI0_A14388g	1742	169.930435	32.329967	39.213150
YALI0_C02563g	5481	567.674866	108.002487	130.996674
YALI0_B09991g	70889	2112.026611	401.821777	487.371307
YALI0_F09383g	1463	351.630951	66.899246	81.142365
YALI0_E27852g	179	10.477352	1.993360	2.417754
EFYLIG00000000120	0	0.0	0.0	0.0
YALI0_D04554g	6011	397.728088	80.652672	97.823952
YALI0_C07348g	514	32.878960	6.255358	7.587150
YALI0_F06754g	5106	563.590149	107.225357	130.054077
YALI0_B23122g	7388	1011.063782	192.359070	233.313110
YALI0_F16940g	23137	492.065704	93.617538	113.549095
YALI0_D14498g	2350	138.261658	26.304853	31.905266
YALI0_B23430g	18835	1441.126465	274.180267	332.554382
ENSRNA049654996	1	0.375000	0.071345	0.086535
YALI0_E32725g	1296	66.500008	12.651901	15.345544
YALI0_F08393g	10681	2206.081787	419.716187	509.075500
YALI0_D14696r	0	0.000000	0.000000	0.000000
YALI0_D00847g	2543	338.335968	64.369812	78.074417
YALI0_A19140g	1232	158.882507	30.228056	36.663731
YALI0_D02387g	924	78.479797	14.931106	18.110001
YALI0_E13816r	0	0.0	0.0	0.0
YALI0_C14168g	254	44.532986	8.472585	10.276433
YALI0_A08338g	1	0.461187	0.087743	0.106424
YALI0_F06996r	0	0.0	0.0	0.0
YALI0_F03135g	703	41.110146	7.821375	9.486578
YALI0_D19492g	406	45.110012	8.582367	10.409588
YALI0_C03091g	48	8.858974	1.685457	2.044297
YALI0_A02497g	7557	508.689362	113.604172	137.790970
YALI0_A03685g	286	38.586346	7.341212	8.904185
YALI0_B08536g	4753	407.100922	77.452629	93.942619
YALI0_F30459g	13906	665.947815	126.699326	153.674133
YALI0_B14663g	3179	575.261658	109.445908	132.747391
YALI0_C05973g	3316	339.322174	64.557449	78.301994
YALI0_F12507g	1217	125.667686	23.908798	28.999079
YALI0_F25333g	92	5.313253	1.010868	1.226086
YALI0_F03366g	11469	380.771027	72.443268	87.866737
YALI0_D18403g	38577	653.394287	153.686295	186.406754
EFYLIG00000000518	0	0.0	0.0	0.0
YALI0_C23232g	2468	103.838753	19.755753	23.961834
YALI0_E23287g	8175	456.411865	86.834244	105.321617
YALI0_A11033r	0	0.000000	0.000000	0.000000
YALI0_D06732g	72	5.256914	1.000150	1.213086
YALI0_B04862g	3911	152.018494	28.922148	35.079792
YALI0_F20306g	26849	3224.270996	619.868408	751.840881
YALI0_F04532g	845	74.069443	14.092018	17.092266
YALI0_F21923g	999	156.299225	29.736574	36.067616
YALI0_C03894g	8604	472.524200	89.899681	109.039696
YALI0_F27951g	2925	698.385315	132.870697	161.159424
YALI0_D06171g	2064	289.479156	55.074608	66.800217
YALI0_C08473g	15996	411.075836	78.208878	94.859871
YALI0_B22704g	15719	329.099091	62.612461	75.942917
YALI0_C19404g	2327	169.546890	32.256996	39.124645
ENSRNA049653645	0	0.0	0.0	0.0
EFYLIG00000000114	2	1.860465	0.353961	0.429321
YALI0_D13046g	6007	620.298584	118.014366	143.140106
YALI0_C17017g	12	1.282051	0.243915	0.295846
YALI0_C21582g	6804	494.721375	94.122787	114.161919
YALI0_D24992g	1222	321.346344	61.137470	74.153885
YALI0_B23254g	156	23.230089	4.419621	5.360576
YALI0_E34111g	12447	2738.867188	521.080811	632.021057
YALI0_E15290g	13270	639.102539	121.591904	147.479309
YALI0_B19470g	305	19.358490	3.683033	4.467165
YALI0_A00638g	1325	199.071426	37.874165	45.937725
YALI0_D13068g	1023	206.133728	39.217793	47.567425
YALI0_B08294g	974	175.270950	33.346024	40.445526
YALI0_C19756g	1536	257.194031	48.932228	59.350101
YALI0_D26972g	4240	110.293922	20.983875	25.451427
YALI0_A00616g	6397	180.954056	34.427258	41.756962
YALI0_E24321g	2805	507.535828	96.560791	117.118980
YALI0_D22572g	23494	956.415588	181.962021	220.702499
YALI0_E29887g	6076	818.206665	155.667206	188.809387
YALI0_F23969g	1655	239.105865	45.490879	55.176079
YALI0_B11462g	1471	34.948013	6.649004	8.064604
YALI0_E30173g	2522	369.085510	70.220047	85.170181
YALI0_C22770g	3679	134.319962	25.554928	30.995680
YALI0_D15818g	254	49.840157	9.482296	11.501116
YALI0_D05357g	2987	68.067024	12.950033	15.707149
EFYLIG00000000651	0	0.000000	0.000000	0.000000
YALI0_F27753g	16662	431.822418	82.155998	99.647354
YALI0_C14234g	170	26.439816	5.030284	6.101253
YALI0_C13772r	0	0.0	0.0	0.0
YALI0_A04631g	37	2.655271	0.505176	0.612730
EFYLIG00000000585	2	1.621622	0.308520	0.374206
YALI0_C21571r	0	0.000000	0.000000	0.000000
YALI0_A15884g	304	43.831188	8.339065	10.114486
YALI0_E18524g	5959	246.146011	46.830296	56.800659
YALI0_A11121g	739	142.917618	27.190668	32.979671
YALI0_E25740g	735	54.709438	10.408696	12.624752
YALI0_F12331g	25377	2151.904053	437.904907	531.136658
YALI0_A03267r	0	0.000000	0.000000	0.000000
YALI0_F09889r	6	4.809021	0.914936	1.109730
YALI0_E28897g	370	90.790756	17.273317	20.950878
YALI0_C23408g	11070	649.274658	123.527191	149.826645
YALI0_D00198g	382	9.918857	1.887103	2.288876
YALI0_B21142g	279	17.042952	3.242492	3.932832
YALI0_E06193g	1924	154.540176	29.401909	35.661694
EFYLIG00000000077	0	0.000000	0.000000	0.000000
YALI0_E15356g	846	125.966080	23.965569	29.067936
YALI0_D09295g	639	29.844444	5.678029	6.886905
YALI0_E23185g	4055	1568.973145	298.503632	362.056305
YALI0_F18084g	1746	89.038887	16.940018	20.546616
YALI0_D26323g	237	66.377777	12.628647	15.317337
YALI0_F31405g	6602	2057.808594	391.506592	474.859985
YALI0_A01397g	3115	111.544678	21.221836	25.740053
ENSRNA049671666	0	0.0	0.0	0.0
YALI0_A10989g	967	53.581001	10.194007	12.364353
YALI0_C21131g	1522	70.666664	13.444626	16.307041
YALI0_F08283g	4430	354.246246	67.396812	81.745872
ENSRNA049653387	0	0.0	0.0	0.0
YALI0_C14146g	344	34.980865	6.655254	8.072186
YALI0_F23353g	5845	580.444458	110.431961	133.943390
YALI0_B15466g	105	7.329158	1.394403	1.691277
YALI0_C19085g	10311	1119.789307	213.044540	258.402618
YALI0_F22209g	2367	263.868652	50.202103	60.890339
YALI0_E30745g	311	68.855263	13.099998	15.889043
YALI0_E20955g	3127	374.620392	71.273079	86.447411
YALI0_D02827g	1885	111.479782	21.209490	25.725079
ENSRNA049655680	0	0.0	0.0	0.0
YALI0_C12078r	0	0.0	0.0	0.0
YALI0_B14124g	1553	108.902084	20.719070	25.130249
YALI0_C12661g	6623	151.562881	28.835464	34.974655
YALI0_D12342g	1523	123.225159	23.444098	28.435442
YALI0_A19822g	2636	231.623154	44.067261	53.449364
YALI0_E01210g	14115	1373.381470	261.291504	316.921539
YALI0_C18095g	340	28.816120	5.482386	6.649609
YALI0_D23760r	5	8.452830	1.608186	1.950575
YALI0_D16863g	4438	439.403931	83.598419	101.396866
ENSRNA049650729	0	0.0	0.0	0.0
ENSRNA049657595	0	0.0	0.0	0.0
YALI0_A15081g	876	132.794296	25.264664	30.643616
YALI0_B04466g	394	64.580490	12.286705	14.902596
YALI0_F22297g	2735	85.709496	16.306585	19.778326
YALI0_A03553g	4411	176.567184	33.592636	40.744648
YALI0_F05962g	12865	658.220886	125.229248	151.891068
YALI0_D06237g	2860	252.676285	48.072708	58.307587
YALI0_D03157g	1223	204.786072	38.961399	47.256439
YALI0_E31559g	9449	1013.050964	192.737137	233.771667
YALI0_B19228g	2127	197.208450	37.519726	45.507828
YALI0_A10439g	18	1.563308	0.297426	0.360749
YALI0_F26950r	1	0.067458	0.012834	0.015567
YALI0_E04356g	1319	61.812443	11.760073	14.263841
YALI0_C01221g	2597	381.751099	72.629723	88.092896
YALI0_F18678g	161	17.692898	3.366147	4.082814
YALI0_C19888g	5482	141.855972	26.988684	32.734688
EFYLIG00000000429	0	0.0	0.0	0.0
EFYLIG00000000285	2	1.086535	0.206718	0.250729
YALI0_E16599g	2588	222.204926	42.275406	51.276016
YALI0_F08855g	3563	81.983826	15.597761	18.918589
YALI0_D06325g	4682	317.134125	60.336075	73.181877
YALI0_D01111g	65778	3734.411377	710.487244	861.752808
YALI0_F05148g	2461	235.972458	44.894737	54.453011
YALI0_E23782g	1111	123.820091	23.557283	28.572727
YALI0_F00660g	1530	141.076706	26.840427	32.554863
YALI0_E24277g	6686	157.592926	34.279472	41.577713
YALI0_C11737r	0	0.000000	0.000000	0.000000
YALI0_D10234g	147	21.188219	4.031146	4.889394
YALI0_F12375g	15798	849.613403	161.642471	196.056808
YALI0_F05214g	36656	4976.026855	946.709656	1148.268066
YALI0_F18634g	17983	989.260376	188.210876	228.281738
ENSRNA049671960	1	0.147620	0.028085	0.034065
EFYLIG00000000450	0	0.0	0.0	0.0
YALI0_A04675g	1557	291.088898	55.380867	67.171684
YALI0_E29161g	4712	77.469551	14.748855	17.888947
YALI0_C24035g	42	13.445513	2.558064	3.102687
YALI0_E04290g	830	45.345779	8.627222	10.463993
YALI0_A01782g	329	28.967714	5.511228	6.684590
YALI0_E16236g	1416	71.536034	13.610026	16.507656
YALI0_E28371g	2991	116.009987	22.071379	26.770468
YALI0_B13750g	898	73.698372	14.021420	17.006638
YALI0_F06600g	211	24.876024	4.732767	5.740392
YALI0_E28809g	6919	324.860535	61.806061	74.964828
YALI0_D16984g	3031	130.800858	24.885405	30.183609
YALI0_F19118g	511	26.457113	5.033575	6.105244
EFYLIG00000000051	0	0.0	0.0	0.0
YALI0_F13849g	6164	4611.555664	877.367493	1064.162720
YALI0_F12617g	12259	1034.319946	196.783646	238.679688
YALI0_F02079g	4284	204.556976	38.917812	47.203571
YALI0_B13244r	0	0.0	0.0	0.0
YALI0_D12584g	17792	2785.986084	530.045349	642.894226
YALI0_E22088g	157132	20346.457031	3870.997803	4695.148926
YALI0_A20724g	5771	468.147003	89.066902	108.029617
YALI0_E10065g	2603	281.741699	53.602520	65.014717
ENSRNA049673012	0	0.0	0.0	0.0
YALI0_F07755g	747	128.895721	24.522943	29.743980
YALI0_D04873g	13165	353.139435	67.186234	81.490463
YALI0_E03102g	9561	418.562195	79.633186	96.587425
YALI0_A12573g	201	11.156216	2.122516	2.574409
YALI0_D05137g	355	94.738098	18.024315	21.861765
YALI0_A05533g	19684	654.171082	124.458755	150.956528
YALI0_E29271g	5556	366.043701	69.641327	84.468254
YALI0_C09240g	5800	817.005554	155.438675	188.532227
YALI0_D26510g	23078	1332.657227	253.543549	307.524017
YALI0_E32241g	4490	343.512115	65.354599	79.268867
EFYLIG00000000549	0	0.0	0.0	0.0
YALI0_F01925g	8468	328.065582	62.415833	75.704422
YALI0_A09933g	4150	5373.602539	1022.350037	1240.012573
YALI0_D25938g	4469	141.391922	26.900398	32.627602
YALI0_F02871g	1732	262.627625	49.965992	60.603958
YALI0_A19426g	9477	1430.632324	272.183716	330.132751
EFYLIG00000000591	0	0.0	0.0	0.0
YALI0_B10219g	1416	65.817680	12.522086	15.188089
YALI0_D25916g	40	8.481720	1.613682	1.957242
YALI0_E24167g	295	23.078478	4.390776	5.325590
YALI0_B17534g	1386	155.525558	29.589382	35.889080
YALI0_F17864g	3043	433.983063	82.567070	100.145943
YALI0_F03410g	12219	367.954376	70.004837	84.909157
YALI0_F24211r	0	0.0	0.0	0.0
EFYLIG00000000475	0	0.000000	0.000000	0.000000
YALI0_E09276g	480	41.736435	7.940529	9.631101
YALI0_A09262g	71	4.343731	0.826413	1.002360
YALI0_D11418g	13796	1062.807739	202.203568	245.253540
YALI0_A00506g	1857	66.343948	12.622211	15.309531
YALI0_F06248g	647	51.857933	9.866186	11.966738
YALI0_F22011g	2034	285.255554	54.271049	65.825577
YALI0_D18040g	15	1.089660	0.207312	0.251450
YALI0_E11803g	2477	455.668488	86.692818	105.150070
YALI0_B15862g	1510	75.041359	14.276929	17.316545
YALI0_A17314g	1520	132.539719	25.216230	30.584869
ENSRNA049672456	2	1.045851	0.198977	0.241341
YALI0_D16291g	4506	148.861633	28.321541	34.351315
YALI0_E22506g	554	38.924149	7.405480	8.982138
YALI0_F23133g	2550	132.240372	25.159277	30.515791
YALI0_D15554g	25217	1298.071411	246.963455	299.542999
ENSRNA049657491	0	0.0	0.0	0.0
EFYLIG00000000218	0	0.0	0.0	0.0
YALI0_F20548g	2340	535.800476	101.938255	123.641335
YALI0_C14322g	1632	148.418015	28.237143	34.248943
YALI0_D21912g	3064	61.605537	11.720708	14.216095
YALI0_E24959g	1408	118.198669	22.487787	27.275528
YALI0_B00308g	1073	144.492004	27.490202	33.342979
YALI0_E15136g	5340	1198.386719	227.998032	276.539734
YALI0_D19954g	865	164.442566	31.285879	37.946770
YALI0_E17655g	18100	974.957886	185.489777	224.981308
YALI0_D18249g	3526	175.342194	33.359577	40.461967
YALI0_E34749g	2362	149.166351	28.379517	34.421631
ENSRNA049650958	1	0.573034	0.109022	0.132233
ENSRNA049656821	0	0.0	0.0	0.0
YALI0_A02409g	451	47.587257	9.053673	10.981236
YALI0_D08998g	2855	129.173386	24.575771	29.808054
YALI0_E10307g	1976	201.496964	38.335632	46.497444
YALI0_C05665g	9907	1297.718506	246.896301	299.461548
YALI0_F24541g	5257	300.967682	57.260349	69.451309
EFYLIG00000000331	0	0.0	0.0	0.0
YALI0_D27346g	2828	193.500000	36.814175	44.652065
YALI0_E02266g	13202	1814.106079	345.141174	418.623169
YALI0_E31218g	916	164.844925	31.362429	38.039619
YALI0_D14564g	7794	1102.406250	209.737335	254.391296
ENSRNA049652120	0	0.0	0.0	0.0
YALI0_C11253g	9	0.335217	0.063776	0.077355
YALI0_B03575g	153	23.894573	4.546041	5.513913
YALI0_D04939g	3543	794.997803	151.251617	183.453720
YALI0_B12210g	6033	524.803589	99.846054	121.103691
YALI0_C17985r	0	0.0	0.0	0.0
YALI0_C08723g	708	276.883728	52.678276	63.893700
YALI0_F02739g	1031	154.208893	29.338881	35.585247
YALI0_D14168r	0	0.0	0.0	0.0
YALI0_B03674r	0	0.0	0.0	0.0
YALI0_A09537g	8401	194.100891	36.928497	44.790730
YALI0_E33649g	15026	1121.646606	213.397888	258.831207
YALI0_D15092g	1533	440.888885	83.880936	101.739532
YALI0_E05401g	25273	567.992432	108.062912	131.069946
YALI0_D25102g	2156	180.033905	34.252197	41.544628
YALI0_C09636g	30289	3528.464844	671.304993	814.228638
YALI0_C14696g	7	1.071865	0.203927	0.247344
YALI0_A20812g	637	43.828224	8.338501	10.113802
YALI0_C04158g	18460	944.462524	179.687897	217.944199
YALI0_E07491g	1811	77.237007	14.694660	17.823214
YALI0_B21692g	19154	2053.649658	390.715332	473.900238
YALI0_E13684g	469	74.761444	14.223674	17.251953
YALI0_E18700g	1235	88.811256	16.896709	20.494087
YALI0_D27192g	18679	1019.204712	193.907913	235.191711
YALI0_E31273g	702	23.580086	4.486209	5.441341
YALI0_F28171g	520	45.096218	8.579742	10.406404
YALI0_E11451g	4712	354.057281	67.360863	81.702271
YALI0_B01826g	1022	178.221069	33.907295	41.126301
YALI0_B03080g	5432	613.593933	116.738777	141.592941
YALI0_A18656g	826	215.320419	40.965599	49.687344
YALI0_B09317g	2713	570.729187	108.583588	131.701492
YALI0_C18557g	1654	69.308426	13.186214	15.993613
YALI0_A10142g	1081	106.085526	20.183210	24.480299
YALI0_B08748g	1682	993.087708	188.939041	229.164932
YALI0_B07601g	7402	868.261353	165.190308	200.360016
YALI0_E00110g	1232	111.118858	21.140823	25.641790
ENSRNA049673266	0	0.0	0.0	0.0
YALI0_E02926r	0	0.0	0.0	0.0
YALI0_E27313g	0	0.000000	0.000000	0.000000
YALI0_F21791g	4809	495.031586	94.181808	114.233498
YALI0_F09746g	41473	1114.322144	212.004395	257.141022
YALI0_D07920g	513	45.760387	8.706103	10.559669
YALI0_D10681g	1959	122.542130	23.314146	28.277824
YALI0_B02596g	60	4.476405	0.851655	1.032975
YALI0_B14465g	4845	260.545258	49.569813	60.123432
EFYLIG00000000477	0	0.0	0.0	0.0
YALI0_C15004g	284	52.373627	9.964299	12.085740
YALI0_C13046r	0	0.000000	0.000000	0.000000
YALI0_B01386g	52887	2511.302246	477.785645	579.508118
YALI0_F06028g	1227	24.666468	4.692898	5.692035
YALI0_B01452g	448	32.325466	6.150054	7.459425
YALI0_E20427g	145	8.573193	1.631085	1.978350
YALI0_D00517r	0	0.0	0.0	0.0
YALI0_A08800g	41	3.717880	0.707342	0.857938
YALI0_E08074g	5047	928.448059	176.641083	214.248703
YALI0_A20988g	412	47.739082	9.082558	11.016273
YALI0_B06105g	94	28.184525	5.362222	6.503861
YALI0_E20053g	591	106.392159	20.241549	24.551058
YALI0_E00858g	681	64.506104	12.272552	14.885430
YALI0_D21670g	636	38.704037	7.363603	8.931344
ENSRNA049670042	2	1.340865	0.255105	0.309418
EFYLIG00000000121	0	0.000000	0.000000	0.000000
EFYLIG00000000290	0	0.000000	0.000000	0.000000
YALI0_D00583g	5795	756.145996	143.859894	174.488266
YALI0_D09647g	1320	55.441532	10.547980	12.793690
YALI0_D07436g	6781	591.426575	112.521347	136.477615
YALI0_F09768g	422	157.722229	30.007307	36.395985
YALI0_D13772g	2403	177.374268	33.746189	40.930893
YALI0_D02233g	6204	262.364746	49.915977	60.543297
ENSRNA049653117	0	0.0	0.0	0.0
YALI0_E12639g	568	57.028854	10.849976	13.159980
YALI0_E04851g	45	4.576494	0.870697	1.056072
YALI0_F02123g	7555	901.881775	171.586746	208.118271
YALI0_E03938g	643	132.631897	25.233767	30.606140
YALI0_F17358g	4912	252.845566	48.104916	58.346649
YALI0_D18381g	957	33.403530	6.355160	7.708200
YALI0_B05456g	164	7.414196	1.410581	1.710900
YALI0_F16896g	10277	693.364075	131.915375	160.000717
YALI0_B22154g	6109	1023.107788	194.650482	236.092377
YALI0_A06655g	8711	314.985687	59.927326	72.686104
YALI0_E03916g	683	147.222229	28.009638	33.973003
YALI0_B08899g	13033	2565.807129	488.155396	592.085693
YALI0_E05885g	4	1.895833	0.360690	0.437482
YALI0_B21890g	7225	620.478760	118.048653	143.181702
YALI0_F14443g	1731	125.548134	23.886051	28.971491
YALI0_E26257g	3724	94.407127	17.961348	21.785391
YALI0_F23045g	6199	100.971611	19.221632	23.313997
YALI0_F31999g	14843	882.879883	167.971542	203.733383
YALI0_A19690g	37364	6585.934082	1253.001099	1519.770386
YALI0_B16060g	3023	315.997925	60.119911	72.919685
YALI0_D12078g	50416	4243.333496	807.311768	979.191711
YALI0_C02651g	2884	197.725052	37.618008	45.627037
YALI0_B09889g	1170	78.877090	15.006693	18.201679
YALI0_F20460g	3873	205.637756	39.123436	47.452976
YALI0_C08921g	25	5.605023	1.066379	1.293415
YALI0_B10472g	1221	115.702347	22.012850	26.699476
YALI0_E13992g	10265	602.036560	114.539948	138.925964
YALI0_F31603g	11286	366.379944	69.705299	84.545845
YALI0_D20262g	2089	219.067520	41.678501	50.552025
YALI0_E10329g	4287	243.361435	46.300518	56.158092
ENSRNA049670238	1	0.235159	0.044740	0.054265
YALI0_A02288g	4189	169.904816	32.325092	39.207241
YALI0_C10901g	765	86.653198	16.486130	19.996094
YALI0_E14531r	0	0.0	0.0	0.0
YALI0_D09119g	15613	1269.615112	241.549530	292.976410
YALI0_F28325g	240	28.173113	5.360051	6.501228
ENSRNA049654943	0	0.0	0.0	0.0
YALI0_C20779g	50	1.299172	0.247173	0.299797
YALI0_E08910g	273	19.074152	3.628936	4.401552
YALI0_E14366g	1082	179.405579	34.132656	41.399635
YALI0_B02882g	4915	296.495209	56.409443	68.419243
YALI0_A18942g	1571	282.780762	53.800209	65.254494
YALI0_A03927g	1629	71.196106	13.545354	16.429214
YALI0_A13563g	3260	172.535110	32.825516	39.814205
YALI0_F03069g	1303	68.627541	13.056674	15.836493
EFYLIG00000000075	0	0.0	0.0	0.0
YALI0_D24830g	367	18.197149	3.462083	4.199175
ENSRNA049658560	0	0.0	0.0	0.0
YALI0_F13365g	797	119.149628	22.668709	27.494970
YALI0_E28204g	2436	132.909241	25.286533	30.670139
YALI0_B18414g	4313	320.486389	60.973858	73.955452
YALI0_C02805g	2355	279.089203	53.097878	64.402634
YALI0_F08943g	7008	637.579285	121.302101	147.127808
YALI0_F22715g	871	74.388329	14.152688	17.165852
YALI0_C00913g	3544	130.655716	24.857790	30.150116
YALI0_D00935g	492	42.452991	8.076858	9.796453
YALI0_E12089g	3994	132.320221	25.174469	30.534218
YALI0_C10428g	2446	217.805115	41.438324	50.260715
YALI0_C23793g	1547	108.697983	20.680241	25.083149
YALI0_B05544g	211	17.593699	3.347274	4.059922
YALI0_F12529g	1940	170.444733	32.427814	39.331833
YALI0_A18315g	615	101.403595	19.292454	23.399895
YALI0_A20416g	8152	346.488220	65.920815	79.955635
YALI0_A01870g	13	1.203488	0.228969	0.277717
YALI0_B04070g	6881	409.259705	77.863350	94.440781
YALI0_F12485r	0	0.0	0.0	0.0
YALI0_B22550g	1039	109.578896	20.847837	25.286428
YALI0_A20438g	8032	548.452332	104.345322	126.560875
YALI0_C12188g	34	5.471847	1.041041	1.262684
YALI0_F19250g	2508	247.827789	53.287125	64.632179
YALI0_C03608g	7664	437.282471	83.194801	100.907310
YALI0_B02420g	3929	484.417572	92.162445	111.784210
YALI0_A08019g	4102	293.805664	55.897739	67.798599
YALI0_C20537r	0	0.0	0.0	0.0
YALI0_C23056g	3658	126.807755	24.125700	29.262159
EFYLIG00000000330	0	0.0	0.0	0.0
YALI0_F14047g	10170	905.760132	172.324615	209.013229
YALI0_D07986g	7740	494.454132	94.071945	114.100250
YALI0_A21010g	678	193.217514	36.760429	44.586880
EFYLIG00000000587	0	0.0	0.0	0.0
YALI0_F04774g	5084	1570.180420	298.733307	362.334900
YALI0_C08096g	1563	45.381649	8.634047	10.472270
YALI0_B08965g	9956	1635.019531	311.069214	377.297150
YALI0_A20295g	6651	1031.806396	196.305435	238.099670
YALI0_E15059g	389	61.375587	11.676959	14.163033
YALI0_A11517g	919	92.899902	17.674591	21.437584
YALI0_F10549g	21	1.512934	0.287842	0.349125
YALI0_D09361g	63437	2738.050537	520.925415	631.832642
YALI0_B01320g	1588	62.645954	11.918652	14.456182
EFYLIG00000000029	1	0.157597	0.029983	0.036367
YALI0_D23837g	213	34.394230	6.543644	7.936813
YALI0_E27159g	5326	319.586456	60.802647	73.747780
YALI0_B21054g	2895	149.901031	28.519291	34.591164
YALI0_A20229r	0	0.0	0.0	0.0
YALI0_E23947g	2812	278.419617	52.970482	64.248116
YALI0_B00440g	167	18.839506	3.584294	4.347405
YALI0_B05852g	6560	477.994232	90.940376	110.301964
YALI0_E32542g	11144	721.448059	137.258484	166.481369
YALI0_B14036g	1982	320.706726	61.015785	74.006294
YALI0_C04004g	5414	390.286224	74.253563	90.062462
YALI0_B17226g	1699	109.352455	20.804756	25.234175
YALI0_E21560g	64	6.271750	1.193226	1.447269
YALI0_C23991g	3714	307.135956	58.433887	70.874702
YALI0_A04785g	706	76.351555	14.526198	17.618887
ENSRNA049673350	3	2.431818	0.462663	0.561166
YALI0_E21087g	33710	4024.470459	765.672119	928.686951
YALI0_E07315g	7390	441.908234	84.074867	101.974754
YALI0_F26411g	9012	969.289673	184.411377	223.673309
YALI0_D11990g	2976	135.921753	25.859676	31.365309
YALI0_D07832g	2009	162.959839	31.003782	37.604618
YALI0_A15103g	538	32.609612	6.204113	7.524995
YALI0_B14938r	0	0.0	0.0	0.0
YALI0_E02794g	17340	2298.232178	437.248169	530.340088
YALI0_B03630g	11762	980.125427	186.472916	226.173767
YALI0_F05698g	3687	120.951263	23.011478	27.910717
YALI0_C07260g	263	16.817778	3.199652	3.880871
YALI0_F17116g	246	17.024742	3.239028	3.928630
YALI0_A17193g	91	5.954813	1.132928	1.374133
YALI0_A07711g	0	0.0	0.0	0.0
YALI0_E12881g	504	80.262245	15.270224	18.521318
YALI0_B20218g	8920	228.529175	43.478622	52.735397
YALI0_F17138g	3253	363.821716	69.218590	83.955513
YALI0_B11176g	1017	122.204765	23.249962	28.199976
YALI0_F21527g	2553	390.684814	74.329399	90.154434
YALI0_E23672g	0	0.0	0.0	0.0
YALI0_D10813g	6313	694.533752	132.137924	160.270630
YALI0_F15455r	0	0.0	0.0	0.0
YALI0_E26125g	68011	9827.000977	1869.627441	2267.679199
EFYLIG00000000050	0	0.0	0.0	0.0
YALI0_F19844g	4297	243.492706	46.325493	56.188381
YALI0_C15158g	1783	50.907608	9.685383	11.747441
YALI0_D03740g	144607	7954.921875	1513.456787	1835.677979
YALI0_C08998r	0	0.000000	0.000000	0.000000
YALI0_A15950g	24114	948.403442	180.437683	218.853607
YALI0_C03542g	6	0.466499	0.088753	0.107649
EFYLIG00000000106	9	9.655181	1.836938	2.228030
YALI0_C21296g	409	39.167141	7.451710	9.038210
YALI0_D04092g	124	13.380646	2.545723	3.087718
YALI0_F29337g	27718	2160.121338	410.972015	498.469666
YALI0_B19932r	0	0.0	0.0	0.0
YALI0_F03861g	2690	132.563690	25.220791	30.590401
YALI0_A19008g	3932	139.468216	26.534403	32.183689
YALI0_E07942g	3982	223.060455	42.438175	51.473434
YALI0_C05577g	2398	625.677002	119.037636	144.381241
YALI0_F18788g	17175	1199.632080	228.234955	276.827148
YALI0_E13706g	53984	2708.549316	515.312744	625.024902
YALI0_B08712g	7294	701.546692	133.472153	161.888931
YALI0_A10615g	14270	599.757812	114.106407	138.400131
YALI0_C16951g	968	61.240601	11.651278	14.131883
YALI0_E26499g	973	173.206345	32.953224	39.969101
YALI0_A20350g	13023	1308.730347	248.991364	302.002655
YALI0_A08580g	670	65.378746	12.438577	15.086802
YALI0_F29678g	737	253.040817	48.142063	58.391705
YALI0_A01540g	0	0.0	0.0	0.0
YALI0_B09984r	0	0.000000	0.000000	0.000000
YALI0_D02915g	1849	144.412216	27.475021	33.324570
YALI0_B05874g	2266	63.715122	12.122066	14.702904
YALI0_E00418g	11128	1882.507568	358.154846	434.407471
YALI0_F07106g	5	0.290731	0.055313	0.067089
YALI0_E10923g	661	94.293785	17.939783	21.759235
YALI0_C12551g	441	80.686592	15.350959	18.619240
YALI0_F06578g	2482	153.598038	29.222662	35.444286
YALI0_D00803g	11978	766.617249	145.852097	176.904617
YALI0_B08756g	5341	251.480652	47.845234	58.031681
YALI0_E20207g	2774	200.802872	38.203579	46.337273
YALI0_E32571g	1986	144.713562	27.532354	33.394108
YALI0_A17468g	11377	1157.145020	220.151627	267.022797
YALI0_C09570g	46	4.696138	0.893460	1.083681
YALI0_A06677g	1103	101.942307	19.394945	23.524208
ENSRNA049671708	0	0.000000	0.000000	0.000000
YALI0_D00132g	317	16.126263	3.068088	3.721297
YALI0_D18293g	751	208.922867	39.748440	48.211044
YALI0_D01760g	3436	365.976807	69.628601	84.452812
YALI0_E34793g	38743	2003.584229	381.190186	462.347168
YALI0_F04752g	792	266.383331	50.680531	61.470623
YALI0_F12287g	12440	947.517334	180.269089	218.649124
YALI0_F00154g	2089	79.182434	15.064785	18.272141
YALI0_A02431g	422	40.173748	7.643222	9.270495
YALI0_F06534g	598	28.920498	5.502244	6.673695
YALI0_D22594g	4693	302.939911	57.737068	70.029526
YALI0_D13266g	198	13.328657	2.535832	3.075721
YALI0_E18161g	22	2.247942	0.427680	0.518735
YALI0_E22605g	1167	32.683861	6.218239	7.542129
YALI0_C07821g	726	40.970917	7.794886	9.454450
YALI0_D26994g	4529	234.576416	44.629131	54.130859
YALI0_B08272g	11443	444.328705	84.535378	102.533302
YALI0_D22484g	31599	2207.114746	419.912720	509.313843
YALI0_B17248g	891	43.684158	8.311092	10.080558
YALI0_F22165g	17662	627.864807	119.453880	144.886108
YALI0_C14014g	3543	389.698242	74.141708	89.926773
YALI0_F04125g	1782	93.403427	17.770390	21.553776
YALI0_E23540g	4766	802.158325	152.613937	185.106079
YALI0_C09966g	87	23.796747	4.527430	5.491338
YALI0_D06413g	8155	258.502502	49.181171	59.652042
YALI0_C04213g	2930	232.592773	44.251736	53.673115
ENSRNA049652396	1	0.360465	0.068580	0.083181
YALI0_A14949g	0	0.0	0.0	0.0
YALI0_F29535r	0	0.000000	0.000000	0.000000
YALI0_D19866g	2809	187.226410	35.620598	43.204372
YALI0_F15257g	3090	353.806122	67.313080	81.644310
EFYLIG00000000463	0	0.0	0.0	0.0
EFYLIG00000000199	11	15.187823	2.889546	3.504742
YALI0_D14432g	1134	256.046967	48.713997	59.085403
YALI0_C17325g	8988	1039.820068	197.830063	239.948914
YALI0_E22220g	2974	472.223267	89.842430	108.970253
YALI0_F08503g	1080	99.880959	19.002766	23.048532
YALI0_F01859g	4395	192.372772	36.599716	44.391945
YALI0_B14553g	1511	72.433525	13.780778	16.714764
EFYLIG00000000466	0	0.000000	0.000000	0.000000
YALI0_C13618g	2557	141.081970	26.841429	32.556080
YALI0_D21384g	5636	198.243118	37.716576	45.746586
YALI0_F31295g	237	61.630497	11.725457	14.221855
YALI0_B13134g	39002	1905.742188	362.575317	439.769135
YALI0_A21373g	1559	131.822449	25.079767	30.419352
YALI0_C03872g	13529	4217.064941	802.314026	973.130005
YALI0_E12353g	1935	247.642578	47.115025	57.146008
YALI0_C08657g	2765	204.133774	38.837296	47.105915
YALI0_B20911g	2266	448.690186	85.365166	103.539757
YALI0_F06826g	1811	669.677673	127.408943	154.534836
YALI0_A01331g	1729	146.175873	27.810564	33.731548
YALI0_B04378g	1550	47.675198	9.070404	11.001530
YALI0_E09196g	2986	339.575439	64.605629	78.360435
YALI0_C17237g	23	1.234450	0.234859	0.284862
YALI0_E28831g	51	3.118519	0.593311	0.719630
YALI0_F27533g	1693	131.576599	25.032993	30.362619
YALI0_F12397g	10647	566.260681	107.733429	130.670334
YALI0_C01411g	234	4.099739	0.779992	0.946056
YALI0_C23298g	1894	242.372620	46.112392	55.929913
EFYLIG00000000577	0	0.000000	0.000000	0.000000
YALI0_A12243g	85	9.328976	1.774876	2.152755
YALI0_B13574r	0	0.0	0.0	0.0
YALI0_E09867g	5028	50.311733	9.841273	11.936521
YALI0_A12452r	2	0.848740	0.161476	0.195855
YALI0_A04697g	10149	434.705261	82.704475	100.312592
YALI0_A17446g	13	1.864307	0.354692	0.430208
YALI0_B08404g	2043	185.805405	35.350246	42.876461
YALI0_B04334g	7721	235.645203	44.832474	54.377491
YALI0_D06798g	1243	131.933746	25.100941	30.445034
YALI0_E15400g	4443	286.545990	54.516563	66.123360
YALI0_D25454g	1222	131.010620	24.925312	30.232016
YALI0_F04598g	34	5.061562	0.962983	1.168006
YALI0_E12969g	1719	49.021751	9.326591	11.312261
YALI0_C16753g	2215	149.722885	28.485399	34.550056
YALI0_B09108r	0	0.0	0.0	0.0
YALI0_D11627g	1489	262.446777	49.931583	60.562225
YALI0_B21538g	1254	77.001823	14.649916	17.768944
EFYLIG00000000251	0	0.000000	0.000000	0.000000
YALI0_B13178g	3005	193.374130	36.790226	44.623020
YALI0_E11033g	1688	402.971588	76.667015	92.989731
YALI0_B21516g	623	49.463051	9.410550	11.414095
ENSRNA049658488	0	0.0	0.0	0.0
YALI0_A04609g	3016	83.493149	15.884917	19.266882
YALI0_B11924g	1360	56.766335	10.800030	13.099401
YALI0_A15576g	261	13.728646	2.611932	3.168023
ENSRNA049653038	0	0.0	0.0	0.0
YALI0_F15686r	1	0.169748	0.032295	0.039171
YALI0_A19976g	1607	310.739471	59.119469	71.706245
YALI0_A20130g	197	12.689016	2.414138	2.928118
YALI0_C05555g	491	52.050468	9.902817	12.011168
YALI0_D15664g	307	29.707973	5.652065	6.855413
YALI0_F07535g	68	7.637681	1.453100	1.762471
YALI0_F17050g	82	25.012121	4.758659	5.771798
ENSRNA049655688	1	1.000000	0.190254	0.230760
YALI0_E06149g	976	41.611744	7.916806	9.602327
YALI0_F14905g	3311	844.255066	160.623016	194.820312
YALI0_F19998g	156	35.521542	6.758120	8.196952
YALI0_A05951g	297	22.313988	4.245328	5.149177
YALI0_D13255g	43	3.786914	0.720476	0.873868
YALI0_B05412g	915	119.753578	22.783613	27.634338
YALI0_F24739g	30660	4047.882324	770.126343	934.089417
YALI0_C11946g	2499	139.245590	26.492048	32.132313
YALI0_B15334g	1392	184.498688	35.101639	42.574921
YALI0_E04400g	2605	129.344635	24.608351	29.847570
YALI0_C10362r	0	0.0	0.0	0.0
YALI0_A00396g	64530	4293.452148	816.847046	990.757080
YALI0_F16225g	20	2.267574	0.431415	0.523265
YALI0_E08052g	232	24.570978	4.674730	5.670000
YALI0_E33143g	23167	2661.896484	506.436798	614.259277
YALI0_D12705g	1357	66.013008	12.559248	15.233164
YALI0_E28875g	143	10.089636	1.919595	2.328285
YALI0_D22242g	41	11.666667	2.219631	2.692200
YALI0_B16368g	6798	533.458435	101.492668	123.100883
YALI0_B01474g	449	54.293766	10.329614	12.528831
YALI0_B13530g	10656	758.434814	144.295364	175.016434
YALI0_E02068g	5522	255.679504	48.644085	59.000610
YALI0_E22396g	77	13.776596	2.621054	3.179088
YALI0_F01518g	1277	27.136435	5.162819	6.262004
YALI0_D14982g	1723	298.981110	56.882389	68.992889
YALI0_A18810g	37003	2521.763916	479.776031	581.922302
YALI0_A10945g	182	13.654017	2.597733	3.150801
YALI0_A01375g	788	99.650375	18.958895	22.995323
ENSRNA049655479	0	0.0	0.0	0.0
YALI0_E33957g	5264	798.207214	151.862228	184.194321
YALI0_D16885g	1126	24.679688	4.695413	5.695086
YALI0_A16566g	275	106.333336	20.230358	24.537483
YALI0_D19360g	1031	35.686901	6.789580	8.235110
YALI0_C09328g	22584	2203.845459	419.290710	508.559418
YALI0_B15378g	1240	56.383335	10.727163	13.011020
YALI0_A02783g	37	6.796296	1.293023	1.568313
YALI0_E31911g	28584	4414.334961	839.845520	1018.652039
YALI0_E30789g	2959	106.511230	20.264202	24.578535
YALI0_D08932g	932	76.892159	14.629051	17.743637
YALI0_A07887g	52	6.500624	1.236771	1.500084
YALI0_D25300r	0	0.0	0.0	0.0
YALI0_B07513g	697	29.019802	5.521137	6.696610
YALI0_F20680g	2025	92.865578	17.668060	21.429663
YALI0_C19063g	2238	144.588608	27.508579	33.365273
YALI0_E03762g	944	46.795288	8.902997	10.798482
YALI0_C21109g	1464	263.529419	50.137562	60.812057
YALI0_C10120g	51	6.169082	1.173693	1.423578
ENSRNA049655422	0	0.0	0.0	0.0
YALI0_A13035g	2412	501.166656	95.349030	115.649231
YALI0_F22231g	4915	558.958313	106.344131	128.985245
EFYLIG00000000551	0	0.0	0.0	0.0
YALI0_F11671g	1784	224.866425	42.781765	51.890182
YALI0_F07843g	5183	356.775726	67.878059	82.329575
YALI0_C08228g	65	4.704906	0.895128	1.085704
EFYLIG00000000091	1	0.819444	0.155903	0.189095
YALI0_B03960g	1904	74.179016	14.112865	17.117552
YALI0_E11847g	18051	1123.295166	213.711548	259.211609
YALI0_F30371g	1801	71.317650	13.568479	16.457262
YALI0_A16599r	1	0.798319	0.151883	0.184220
YALI0_A12925g	435	38.576958	7.339426	8.902020
YALI0_E28424g	3950	782.072571	148.792542	180.471085
YALI0_F24123g	23630	4598.389160	874.862549	1061.124390
YALI0_A09042g	3210	231.866241	44.113510	53.505459
YALI0_A02981g	7640	612.383362	116.508476	141.313599
YALI0_E31713g	4593	328.266113	62.453987	75.750694
YALI0_C13332g	10	4.723005	0.898571	1.089881
YALI0_D24233g	15007	440.851074	83.873741	101.730804
YALI0_C10208g	16951	1279.500732	243.430313	295.257599
YALI0_E16016g	35373	1670.238403	317.769775	385.424255
ENSRNA049656684	8	8.366667	1.591793	1.930692
YALI0_F21307g	715	113.536163	21.600725	26.199608
YALI0_F28985r	0	0.0	0.0	0.0
EFYLIG00000000049	53	20.369156	3.875316	4.700387
YALI0_C13508g	5210	558.566895	106.269653	128.894913
YALI0_E16038g	1376	81.956345	15.592534	18.912249
YALI0_F09251g	4870	525.445496	99.968178	121.251816
YALI0_F08613g	15078	1214.342163	231.033600	280.221619
YALI0_A18612g	9000	1156.464355	220.022125	266.865753
YALI0_B03388g	472	37.040405	7.047091	8.547444
YALI0_B18854g	1290	90.228691	17.166382	20.821175
YALI0_E07810g	11040	1071.038452	203.769501	247.152863
YALI0_C02585g	536	77.367668	14.719518	17.853367
YALI0_F02629g	7625	565.373779	107.564697	130.465668
YALI0_E13464g	2361	174.623444	33.222832	40.296108
YALI0_D16401g	13169	1231.471313	234.292526	284.174377
YALI0_D08118g	311	25.625000	4.875262	5.913226
YALI0_E12133g	32375	7031.929199	1337.853638	1622.688232
YALI0_F15125g	5263	185.526352	35.297157	42.812065
YALI0_B01848g	2042	130.414932	24.811981	30.094553
YALI0_E22286g	176613	21160.007812	4025.779053	4882.883789
YALI0_B20900g	1753	302.521362	57.555939	69.809837
YALI0_B13354g	341	26.938967	5.125250	6.216436
EFYLIG00000000618	2	1.861111	0.354084	0.429470
YALI0_A02475g	21	3.851648	0.732792	0.888806
YALI0_E02046g	48686	1333.665283	253.735352	307.756622
YALI0_A00286g	16639	1518.041504	288.813690	350.303284
YALI0_F08349g	11668	497.847473	94.717537	114.883301
YALI0_B02200g	398	42.064991	8.003038	9.706919
YALI0_C11968g	3287	763.110352	145.184906	176.095367
YALI0_D06017g	926	95.839996	18.233955	22.116041
YALI0_F00550g	3239	236.485184	44.992283	54.571327
YALI0_E17787g	3627	346.813477	65.982697	80.030685
YALI0_C00319g	492	58.060818	11.046310	13.398115
YALI0_F26059g	856	69.552338	13.232620	16.049898
YALI0_C13926g	4478	405.193542	77.089752	93.502472
YALI0_A02090g	2773	145.630783	27.706860	33.605762
YALI0_E01936g	1700	233.568710	44.437412	53.898319
YALI0_B14685g	4597	199.948746	38.041077	46.140179
YALI0_D22913g	60412	3153.263672	599.921448	727.647217
YALI0_A16423g	8	0.209855	0.039926	0.048426
YALI0_A03663g	2141	209.507751	39.859715	48.346012
YALI0_D10461g	1051	153.763763	29.254190	35.482529
YALI0_E31669g	5839	428.230927	81.472710	98.818573
YALI0_E33495g	12592	1292.453247	245.894577	298.246552
YALI0_B17754g	6314	144.399231	27.472551	33.321571
ENSRNA049653952	0	0.0	0.0	0.0
YALI0_E20977g	13948	946.684814	180.110703	218.457016
YALI0_F30195g	1745	141.555023	26.931429	32.665241
EFYLIG00000000485	0	0.000000	0.000000	0.000000
YALI0_B16192g	343	41.363201	7.869520	9.544973
EFYLIG00000000229	1	0.847182	0.161180	0.195496
YALI0_C18139g	2399	362.149475	68.900436	83.569618
YALI0_D22022g	9474	2311.248779	439.724609	533.343872
YALI0_C19217g	1013	99.414963	18.914108	22.940998
YALI0_A12639r	0	0.000000	0.000000	0.000000
ENSRNA049650916	0	0.0	0.0	0.0
YALI0_F30833g	535	62.960373	11.978472	14.528737
EFYLIG00000000140	0	0.0	0.0	0.0
YALI0_E00990g	14305	2315.245117	440.484955	534.265991
YALI0_B10318g	290	51.382458	9.775724	11.857017
YALI0_D25762g	1415	128.380051	24.424835	29.624983
YALI0_F29865g	3393	203.251480	38.669434	46.902317
YALI0_D12276g	1677	205.206055	39.041302	47.353352
YALI0_D06886g	1634	118.496407	22.544432	27.344234
YALI0_F20526g	6436	111.673714	21.246386	25.769829
YALI0_A12419g	53	11.688742	2.223831	2.697294
YALI0_D26037r	0	0.0	0.0	0.0
YALI0_F30011g	1129	380.063324	72.308617	87.703423
YALI0_C23364g	10898	493.784668	93.944572	113.945763
YALI0_E10791g	1038	171.250000	32.581020	39.517654
YALI0_D15304g	16885	347.676270	66.146851	80.229782
YALI0_E29711g	40	2.140267	0.407195	0.493888
YALI0_B10494g	4887	287.612457	54.719463	66.369453
YALI0_B06138g	2210	581.254211	110.586014	134.130234
YALI0_A17149g	324	16.440926	3.127954	3.793909
YALI0_D21956g	3555	559.157349	106.381996	129.031174
YALI0_B14311g	229	45.976048	8.747133	10.609434
YALI0_B06116g	2643	278.015625	52.893623	64.154892
YALI0_D12628g	14770	542.260254	103.167259	125.131981
EFYLIG00000000063	0	0.000000	0.000000	0.000000
YALI0_C13266r	0	0.0	0.0	0.0
YALI0_E30261g	185	21.688810	4.126386	5.004910
YALI0_F28413g	12921	917.719421	174.599915	211.772964
YALI0_A10395g	24681	316.898926	60.291332	73.127602
YALI0_F06226g	3504	666.467041	126.798111	153.793961
YALI0_B09471g	8759	888.132507	168.970886	204.945480
YALI0_E05291g	4528	579.612183	110.273613	133.751312
YALI0_E33561g	18	4.261391	0.810747	0.983359
YALI0_F10637g	5	1.258567	0.239448	0.290427
YALI0_F04906g	2588	80.947334	15.400564	18.679409
YALI0_A14410r	0	0.0	0.0	0.0
YALI0_C19899g	1488	70.056816	13.328598	16.166313
YALI0_B15620g	1241	214.206833	40.753738	49.430374
YALI0_A14630g	4003	259.647400	49.398994	59.916237
YALI0_D14014r	0	0.0	0.0	0.0
YALI0_A19448g	4057	292.460388	55.641800	67.488167
YALI0_C13717r	0	0.000000	0.000000	0.000000
YALI0_F10483g	629	187.265488	35.628033	43.213390
YALI0_A03916r	1	0.798319	0.151883	0.184220
YALI0_C03391r	0	0.000000	0.000000	0.000000
EFYLIG00000000250	1	0.081897	0.015581	0.018899
YALI0_D13794g	4717	1804.238647	343.263855	416.346130
YALI0_F29513g	2459	115.915497	22.053402	26.748663
YALI0_F22429g	1334	660.009827	125.569603	152.303894
ENSRNA049651335	0	0.0	0.0	0.0
YALI0_C18579r	0	0.0	0.0	0.0
EFYLIG00000000304	0	0.000000	0.000000	0.000000
YALI0_E08617g	8301	633.666687	120.557701	146.224945
YALI0_F01430g	1904	189.086533	35.974495	43.633614
YALI0_E16643g	20296	1798.078125	342.091797	414.924530
YALI0_F21329g	1387	55.130810	10.496313	12.731020
YALI0_E22110r	0	0.0	0.0	0.0
YALI0_F20878g	1889	119.750786	22.783083	27.633694
YALI0_A02332g	2211	151.246613	28.775295	34.901672
YALI0_F01122g	7311	240.815094	45.816067	55.570496
YALI0_E27412g	624	104.974998	19.971928	24.224033
YALI0_F31119g	17885	747.976807	142.305679	172.603149
YALI0_E11935g	262	26.811993	5.101092	6.187136
YALI0_F16511g	25677	1624.892212	309.142456	374.960144
YALI0_A00891g	14426	1046.645874	199.128708	241.524033
YALI0_A06908g	664	131.392151	24.997900	30.320057
YALI0_D09603g	5589	334.776398	63.692596	77.253006
YALI0_D05005g	2669	119.467201	22.729130	27.568254
YALI0_C18667g	6845	278.315216	52.950619	64.224030
YALI0_D05599g	2787	426.443939	81.132721	98.406212
YALI0_C23749g	2980	261.197052	49.693821	60.273838
YALI0_D21197r	1	0.323863	0.061616	0.074735
YALI0_F24871g	1414	60.471832	11.505016	13.954481
YALI0_D21725g	9802	255.204956	48.553799	58.891102
YALI0_E14245r	1	0.074842	0.014239	0.017271
YALI0_A21417g	2352	221.774979	42.193604	51.176800
YALI0_C09405r	0	0.0	0.0	0.0
YALI0_B14927g	4917	530.488220	100.927582	122.415474
YALI0_F11869g	16451	646.260193	122.953674	149.131027
YALI0_E12045g	52	2.335582	0.444354	0.538959
YALI0_F02607g	1020	102.414925	19.484863	23.633272
YALI0_D09999g	1690	127.782768	24.311199	29.487154
YALI0_D05489g	1592	105.294693	20.032751	24.297806
YALI0_A13585g	15731	916.276794	174.325439	211.440063
YALI0_F05082g	1745	383.823517	73.024010	88.571129
YALI0_F05126g	12053	565.901428	107.665092	130.587433
YALI0_F29777r	0	0.0	0.0	0.0
YALI0_C12496g	410	55.978321	10.650106	12.917559
YALI0_A06787g	4503	388.689758	73.949837	89.694061
YALI0_D20042g	8557	338.525665	64.405907	78.118195
YALI0_D05423r	0	0.0	0.0	0.0
YALI0_F31647g	1354	124.520950	23.690626	28.734459
YALI0_F23639g	1070	88.002441	16.742828	20.307446
YALI0_F25641g	397	38.241642	7.275630	8.824642
YALI0_C04565g	970	106.659042	20.292324	24.612642
ENSRNA049658431	0	0.0	0.0	0.0
ENSRNA049658378	0	0.0	0.0	0.0
YALI0_E18458g	2049	378.855316	72.078789	87.424667
YALI0_F20834g	30891	2818.375000	536.207458	650.368286
YALI0_A04961g	909	220.163071	41.886932	50.804836
YALI0_F00704g	6958	535.984009	101.973175	123.683678
YALI0_F01254g	2628	158.833633	30.218758	36.652454
YALI0_D27060g	2018	72.172157	13.731051	16.654449
YALI0_F23265g	296	44.852852	8.533441	10.350245
YALI0_E18304g	2996	284.081696	54.047714	65.554703
YALI0_E09779g	0	0.0	0.0	0.0
YALI0_E24717g	1108	108.699707	20.680569	25.083546
YALI0_E19558g	43115	2091.520020	397.920319	482.639221
YALI0_B00792g	2589	626.978394	119.285233	144.681549
ENSRNA049655733	0	0.0	0.0	0.0
YALI0_D12166g	5116	285.141815	54.249413	65.799332
YALI0_C13090g	1975	116.804924	22.222620	26.953909
YALI0_C21802g	14519	555.450378	105.676727	128.175735
YALI0_C23100g	5172	672.164734	127.882118	155.108749
YALI0_C06369g	112437	11166.260742	2124.427246	2576.726807
YALI0_C12727g	245	23.031744	4.381885	5.314806
YALI0_E04312g	8175	125.625839	24.069321	29.193779
YALI0_B11682g	6429	479.910583	91.304977	110.744179
YALI0_E23694g	23729	3234.229492	615.325500	746.330872
YALI0_D17182g	844	133.877365	25.470722	30.893545
EFYLIG00000000090	0	0.0	0.0	0.0
EFYLIG00000000575	0	0.0	0.0	0.0
YALI0_F18964g	4180	156.870682	29.845297	36.199486
YALI0_B19096g	7507	909.093445	172.958786	209.782425
ENSRNA049670687	0	0.0	0.0	0.0
YALI0_C18359g	2985	125.915207	23.955889	29.056196
YALI0_B12936g	4916	444.881714	84.640579	102.660919
YALI0_E02772g	2240	162.126160	30.845171	37.412235
YALI0_D24387g	29426	4856.118164	923.896545	1120.598022
YALI0_E13233g	10220	610.038391	116.062325	140.772476
YALI0_C19965g	459	56.144241	10.681674	12.955846
YALI0_A07315r	0	0.0	0.0	0.0
YALI0_D08844g	4937	500.579315	95.237282	115.513695
YALI0_E15312g	556	220.203918	41.894707	50.814262
EFYLIG00000000449	1	0.891892	0.169686	0.205813
ENSRNA049654063	0	0.0	0.0	0.0
YALI0_C11605g	6455	1752.416626	333.404510	404.387695
YALI0_D11858g	2571	157.058075	29.880947	36.242725
YALI0_D06820g	699	25.723194	4.893944	5.935885
YALI0_A19206g	5048	400.782227	76.250473	92.484520
YALI0_E17677g	11010	1109.758423	211.136139	256.087891
YALI0_C03179g	7108	438.230774	83.375221	101.126144
YALI0_E11583g	86	9.136508	1.738258	2.108341
YALI0_E20229g	85	6.238620	1.186923	1.439624
YALI0_E23485r	0	0.000000	0.000000	0.000000
EFYLIG00000000137	1	0.081466	0.015499	0.018799
YALI0_F05632g	2681	232.559280	44.245365	53.665386
YALI0_D07898g	2645	380.443237	72.380898	87.791092
YALI0_E15950r	0	0.0	0.0	0.0
YALI0_B13442g	5220	183.043396	34.824760	42.239098
YALI0_F14267g	4050	362.623230	68.990570	83.678947
YALI0_F14003g	4056	975.326172	185.559830	225.066284
YALI0_B15686g	6410	216.869675	41.260349	50.044853
YALI0_F23089g	4874	455.726837	86.703911	105.163536
YALI0_C17853g	1683	108.531288	20.648525	25.044683
YALI0_E15928g	661	43.429035	8.262554	10.021686
YALI0_C14718g	3870	273.658966	52.064751	63.149551
YALI0_F11781g	888	105.534744	20.078421	24.353201
YALI0_B09845g	8546	700.017029	133.181137	161.535950
YALI0_C19712g	10030	530.100464	100.853806	122.325996
YALI0_E28336g	311	32.668751	6.215365	7.538641
YALI0_B00814g	4848	412.105225	78.404724	95.097412
EFYLIG00000000087	0	0.0	0.0	0.0
YALI0_B17028g	463	5.217975	0.992741	1.204100
YALI0_B20936r	4	3.553488	0.676066	0.820003
YALI0_D07744g	5439	884.516907	168.283005	204.111145
YALI0_E05863g	5424	629.657471	119.794945	145.299774
YALI0_B04620g	322	88.016258	16.745457	20.310633
YALI0_E30679g	5857	381.388794	72.560791	88.009293
YALI0_A02673g	4268	548.407104	104.336723	126.550438
YALI0_F26136g	256	93.518112	17.792208	21.580242
YALI0_A16379g	26027	2503.497070	476.300659	577.707031
YALI0_E27318r	6	4.808342	0.914807	1.109573
YALI0_C08960g	1514	30.937866	5.886057	7.139223
YALI0_F09515g	206	48.307693	9.190738	11.147484
YALI0_D08250g	22803	1557.151489	296.254517	359.328308
YALI0_D13332r	0	0.0	0.0	0.0
YALI0_F07777g	1727	97.518456	18.553289	22.503361
YALI0_C21406g	322	20.667303	3.932040	4.769187
YALI0_B08349r	0	0.0	0.0	0.0
YALI0_F17996g	24717	551.443787	104.914459	127.251183
YALI0_B00528g	3376	122.589355	23.323132	28.288721
ENSRNA049671339	0	0.000000	0.000000	0.000000
YALI0_A08239g	9386	669.445618	127.364792	154.481293
YALI0_D22330g	2496	164.713730	31.337467	38.009342
YALI0_F08415g	6741	416.401825	79.222168	96.088898
YALI0_E24255g	1763	50.341202	9.577621	11.616736
ENSRNA049673182	0	0.000000	0.000000	0.000000
YALI0_E27874g	4001	199.240143	37.906261	45.976662
YALI0_D11066g	793	75.756630	14.413012	17.481602
YALI0_F18051r	6	4.995802	0.950472	1.152831
YALI0_E10527g	167	28.663248	5.453301	6.614332
YALI0_F05830g	20	8.078189	1.536909	1.864123
YALI0_B22660g	3965	410.691315	78.135719	94.771141
YALI0_D13104g	56603	8583.819336	1633.107178	1980.802368
YALI0_F23881g	0	0.0	0.0	0.0
YALI0_E33693g	227	64.689262	12.307400	14.927696
YALI0_F08877g	1936	440.324310	83.773521	101.609253
YALI0_F12947g	5614	653.926208	124.412163	150.900024
YALI0_A07062g	2120	220.219147	41.897602	50.817776
YALI0_F28721r	0	0.0	0.0	0.0
YALI0_D23221g	10301	823.720520	156.716232	190.081772
YALI0_C06083g	52915	3158.602295	600.937195	728.879150
YALI0_E06699g	1473	168.632660	32.083061	38.913677
YALI0_E21549g	1807	77.853607	14.811971	17.965500
YALI0_D00451g	132050	7599.453613	1445.827393	1753.650146
YALI0_A12023g	4363	501.216156	95.358444	115.660652
YALI0_F28017g	3931	217.292267	41.340752	50.142368
YALI0_C07326g	1757	116.200394	22.107605	26.814405
YALI0_B11880g	2302	270.022064	51.372814	62.310303
YALI0_C15444g	2684	188.640915	35.889713	43.530781
YALI0_D13926r	0	0.0	0.0	0.0
YALI0_B02970g	885	145.331711	27.649960	33.536751
YALI0_C07040g	3349	185.729263	35.335762	42.858891
YALI0_D11110g	13905	983.451660	187.105743	226.941330
YALI0_B21662g	11558	319.997528	60.880856	73.842636
YALI0_E27071g	26232	5256.716309	1000.112061	1213.040039
YALI0_F31361g	1561	410.411469	78.082481	94.706558
YALI0_A15147g	23330	2250.495605	428.166077	519.324402
ENSRNA049671515	1	0.130201	0.024771	0.030045
YALI0_F10967r	0	0.0	0.0	0.0
YALI0_E21373g	5114	677.775574	128.949615	156.403503
YALI0_D10703g	83	9.600229	1.826483	2.215349
YALI0_C14564g	754	101.831322	19.373829	23.498598
YALI0_D11088g	2179	70.517952	13.416331	16.272724
YALI0_C18821g	5043	282.926117	53.827866	65.288040
YALI0_B15774g	10010	602.843750	114.693520	139.112244
YALI0_E07161g	11523	1323.955688	251.888031	305.516052
YALI0_E08392g	0	0.0	0.0	0.0
YALI0_F09317g	184	20.293859	3.860991	4.683012
YALI0_A09196g	24	11.691543	2.224364	2.697941
YALI0_F21989g	2	0.324561	0.061749	0.074896
YALI0_A16445g	133	6.647321	1.264680	1.533936
YALI0_D13948g	957	75.398903	14.344954	17.399054
YALI0_F07601g	540	29.422474	5.597747	6.789531
YALI0_C05038g	2012	107.999458	20.547344	24.921957
YALI0_F03567g	11778	2332.335205	443.736420	538.209717
YALI0_A12353g	620	56.556458	10.760100	13.050969
YALI0_E32197g	119	17.382608	3.307113	4.011211
EFYLIG00000000358	0	0.0	0.0	0.0
YALI0_F14465g	15632	3786.160645	720.332764	873.694519
YALI0_C15092g	3710	432.144165	82.217209	99.721596
YALI0_E31625g	4104	119.299942	22.697308	27.529657
YALI0_A13805r	0	0.0	0.0	0.0
YALI0_E18502g	1164	124.005272	23.592516	28.615459
YALI0_A01287r	0	0.0	0.0	0.0
YALI0_A18271g	10892	377.239380	71.771347	87.051773
YALI0_D04158g	1110	103.508774	19.692972	23.885687
ENSRNA049670745	0	0.000000	0.000000	0.000000
YALI0_A15400g	8047	1521.859497	289.540070	351.184326
YALI0_D17380g	899	252.130554	47.968880	58.181656
YALI0_F03575g	8176	185.473053	35.287018	42.799767
YALI0_B16764g	177	25.227402	4.799617	5.821476
YALI0_A17490g	2998	169.053040	32.163040	39.010685
YALI0_A10890r	1	0.169748	0.032295	0.039171
ENSRNA049658646	0	0.0	0.0	0.0
YALI0_F18106g	21099	1019.112366	193.890350	235.170395
YALI0_F32153g	4736	147.477951	28.058290	34.032017
YALI0_A12969g	825	86.511940	16.459255	19.963499
ENSRNA049651608	0	0.0	0.0	0.0
YALI0_B21604g	10998	1164.319702	221.516632	268.678467
YALI0_D17094g	2986	364.128021	69.276863	84.026192
YALI0_D17622g	1065	94.325439	17.945805	21.766541
YALI0_E17699g	48735	3328.062256	633.177612	767.983704
YALI0_F15169g	2140	89.820038	17.088633	20.726875
YALI0_D27104g	807	121.226189	23.063784	27.974159
YALI0_C17083g	3049	163.665070	31.137957	37.767357
YALI0_D05203g	10	1.627642	0.309666	0.375595
YALI0_B02376g	2991	104.756157	19.930292	24.173534
YALI0_F23859g	106	15.573099	2.962847	3.593649
YALI0_A07128g	885	53.767750	10.229537	12.407447
YALI0_B14102g	15590	626.313416	119.158714	144.528091
YALI0_E04697g	929	70.755653	13.461556	16.327578
YALI0_C19682g	2296	143.087036	27.222902	33.018768
YALI0_D15004g	2136	65.488159	12.459393	15.112049
YALI0_E03520g	690	163.483566	31.103424	37.725471
YALI0_F24145g	1404	201.933044	38.418598	46.598072
YALI0_E12243g	8090	260.383698	49.539078	60.086147
YALI0_E00220g	1243	394.490570	75.053467	91.032654
YALI0_E04576g	7874	258.368774	49.155727	59.621185
YALI0_A07150r	0	0.000000	0.000000	0.000000
YALI0_B14443g	12147	503.621918	95.816154	116.215805
YALI0_E06677g	590	76.052361	14.469275	17.549845
YALI0_D17820g	302	9.133993	1.737780	2.107760
YALI0_C08679g	64	17.490515	3.327643	4.036111
YALI0_A20207g	619	78.635216	14.960674	18.145864
YALI0_B17358g	2836	816.048462	155.256592	188.311356
ENSRNA049671171	1	0.469085	0.089245	0.108246
YALI0_C21670g	18	4.172494	0.793834	0.962845
YALI0_D24585g	13891	1243.723389	236.623505	287.001648
YALI0_F08899g	25094	927.332947	176.428925	213.991364
YALI0_E16555g	2294	308.924042	58.774078	71.287315
YALI0_C00583g	5	1.686747	0.320911	0.389234
ENSRNA049653622	3	3.020833	0.574726	0.697088
YALI0_B16896g	4127	184.254639	35.055206	42.518604
EFYLIG00000000188	0	0.0	0.0	0.0
YALI0_F05456g	2313	508.762512	96.794174	117.402054
YALI0_F26785g	1401	166.069244	31.595360	38.322144
YALI0_E27715g	11433	696.023499	132.421356	160.614395
YALI0_F13937g	133	12.084011	2.299033	2.788507
YALI0_E08580g	348	16.954172	3.225601	3.912345
YALI0_C07436g	2032	117.309883	22.318689	27.070431
YALI0_E01540g	7160	1650.890381	314.088715	380.959503
YALI0_E31009g	4951	369.516632	70.302071	85.269669
YALI0_A12859r	0	0.0	0.0	0.0
YALI0_E13904g	8713	671.217407	127.701889	154.890152
YALI0_C02233g	15287	2287.343750	435.176605	527.827515
YALI0_E09691g	1195	375.912781	71.518967	86.745644
YALI0_D26389g	7833	2253.803467	428.795441	520.087769
EFYLIG00000000038	0	0.000000	0.000000	0.000000
YALI0_B20460g	3556	245.802872	46.765015	56.721474
YALI0_C12034g	72541	13955.396484	2655.071777	3220.347656
YALI0_D09020g	2	0.155864	0.029654	0.035967
EFYLIG00000000584	0	0.0	0.0	0.0
YALI0_E33715g	11677	500.786835	95.276764	115.561584
EFYLIG00000000409	0	0.0	0.0	0.0
YALI0_F15279g	3279	484.055542	92.093567	111.700668
YALI0_A03003g	1039	249.821442	47.529564	57.648804
YALI0_F11759g	24860	1859.880005	353.849854	429.185974
YALI0_D11506g	4314	75.555847	14.374812	17.435270
YALI0_A00418g	5459	340.305542	64.744537	78.528915
YALI0_D22803g	18710	1041.108521	198.075195	240.246231
YALI0_B06050r	0	0.0	0.0	0.0
YALI0_E19767g	22938	620.260803	118.007187	143.131393
YALI0_F16452r	1	0.169748	0.032295	0.039171
YALI0_F07799g	238	12.213557	2.323680	2.818401
YALI0_E22418g	2306	126.643829	24.094513	29.224335
YALI0_C18381g	5402	546.056030	103.889420	126.007896
YALI0_B03784g	1797	215.201660	40.943005	49.659943
YALI0_C11341g	96252	10419.467773	1982.346924	2404.396484
EFYLIG00000000072	0	0.0	0.0	0.0
YALI0_F08217g	904	98.419632	18.724741	22.711317
YALI0_B06028g	92	19.463312	3.702976	4.491354
YALI0_E31493g	4195	395.525665	75.250389	91.271515
YALI0_F01452g	28936	2270.760010	432.021484	524.000610
YALI0_D09229g	11293	1539.249634	292.848602	355.197296
EFYLIG00000000293	3	3.076087	0.585238	0.709838
YALI0_F01386g	12	0.447028	0.085049	0.103156
YALI0_C20933g	1786	65.057716	12.377500	15.012720
YALI0_E07271g	1151	21.261578	4.045103	4.906322
YALI0_E14949g	13329	567.309326	107.932938	130.912308
YALI0_A11242r	0	0.0	0.0	0.0
YALI0_A18161g	8352	728.381714	138.577637	168.081375
YALI0_D02651g	137	15.372222	2.924629	3.547294
YALI0_B04180g	18405	644.750244	122.666397	148.782593
YALI0_E28930g	2445	663.588684	126.250496	153.129745
YALI0_E27962g	164003	6217.817383	1182.965454	1434.823730
YALI0_C06853g	6002	105.391174	32.484615	39.400723
YALI0_F25839g	17	1.901489	0.361766	0.438788
YALI0_C18029g	7371	502.292847	95.563293	115.909103
YALI0_D22132g	2392	212.996475	40.523460	49.151073
YALI0_D10901g	334	50.873302	9.678856	11.739525
YALI0_F10857g	47025	2258.416016	429.672974	521.152161
YALI0_A17556g	7	1.073899	0.204314	0.247813
YALI0_C14278r	0	0.000000	0.000000	0.000000
YALI0_C23562g	2710	255.512604	48.612331	58.962097
YALI0_C09119g	247	26.714899	5.082620	6.164731
YALI0_D10626r	0	0.000000	0.000000	0.000000
YALI0_A12133g	2978	208.370758	39.643398	48.083641
YALI0_C22319g	389	50.362625	9.581697	11.621680
YALI0_B22125g	700	362.348724	68.938347	83.615601
YALI0_F30767g	1340	47.183056	8.976771	10.887963
YALI0_F31427g	1337	127.134651	24.187893	29.337595
YALI0_B19250g	52064	2795.527832	531.860718	645.096069
YALI0_F09944g	83	15.496296	2.948234	3.575926
YALI0_E18612g	1865	59.288631	11.279907	13.681446
YALI0_F31053g	4875	87.764351	16.697531	20.252504
YALI0_F25421g	883	137.492279	26.158476	31.727720
EFYLIG00000000336	0	0.0	0.0	0.0
YALI0_E04048g	293	30.972748	5.892694	7.147272
YALI0_F05544g	25782	4497.341797	855.637878	1037.806763
ENSRNA049653485	0	0.0	0.0	0.0
YALI0_E09042g	13987	627.827087	119.446701	144.877396
YALI0_A20518g	547	93.331642	17.756731	21.537212
YALI0_D02805g	3187	631.074524	120.064537	145.626770
YALI0_A04081r	0	0.000000	0.000000	0.000000
YALI0_A11847g	0	0.0	0.0	0.0
YALI0_A16038g	235	26.851475	5.108604	6.196247
YALI0_A14025r	0	0.0	0.0	0.0
YALI0_E08184g	1243	363.600006	69.176407	83.904343
YALI0_E01144g	3929	209.931213	39.940281	48.443733
YALI0_B12694g	10944	162.983047	32.209877	39.067490
ENSRNA049654533	11	12.302325	2.340568	2.838885
YALI0_D00913g	232	35.849461	6.820508	8.272622
YALI0_F16093g	747	62.069958	11.809066	14.323265
YALI0_E25894g	3568	344.184326	65.482491	79.423981
YALI0_A16016g	1	0.235431	0.044792	0.054328
EFYLIG00000000333	0	0.0	0.0	0.0
YALI0_F26103g	473	64.141129	12.203115	14.801208
YALI0_B15180g	2630	122.005051	23.211966	28.153889
YALI0_A13387g	94194	5612.736328	1067.846313	1295.195190
YALI0_E26719g	49	2.963164	0.563754	0.683780
YALI0_C17369g	1348	64.920364	12.351368	14.981025
YALI0_D23793g	10108	1130.572510	215.096100	260.890961
YALI0_F19514g	7429	487.480194	92.745125	112.490944
EFYLIG00000000638	33	34.589474	6.580791	7.981867
YALI0_B16390g	1817	100.429115	19.107054	23.175024
YALI0_E02090g	10039	614.459412	116.903450	141.792664
YALI0_C04367g	824	81.269798	15.461916	18.753820
ENSRNA049669688	0	0.000000	0.000000	0.000000
YALI0_D20922g	30	1.671717	0.318051	0.385765
ENSRNA049672827	0	0.0	0.0	0.0
YALI0_E20999g	416	22.768023	4.331711	5.253949
YALI0_D12188g	1107	39.600071	7.534077	9.138114
YALI0_E03586g	17060	3778.609619	718.896118	871.952087
YALI0_A16973r	0	0.0	0.0	0.0
YALI0_E33979g	181	21.885679	4.163841	5.050340
ENSRNA049655943	0	0.0	0.0	0.0
YALI0_E25091g	16107	2752.612549	523.695923	635.192932
YALI0_F12683g	422	83.464706	15.879506	19.260317
YALI0_A02046g	56	5.702564	1.084936	1.315924
YALI0_E00286g	360	38.008385	7.231253	8.770816
YALI0_E20603g	2194	306.417694	58.297234	70.708954
YALI0_E05753g	3344	326.271484	62.074501	75.290421
YALI0_F18414g	369	57.398148	10.920236	13.245198
YALI0_E28292g	2488	183.238510	34.861885	42.284122
YALI0_B08943g	32592	2499.422119	475.525421	576.766724
EFYLIG00000000596	1	0.857143	0.163075	0.197794
YALI0_B13728g	158	15.597059	2.967405	3.599178
YALI0_F24607r	0	0.0	0.0	0.0
EFYLIG00000000056	0	0.0	0.0	0.0
YALI0_D11616g	1208	118.520897	22.549091	27.349884
YALI0_F20218g	38061	1222.676270	232.619232	282.144806
YALI0_E05951g	830	46.074806	8.765923	10.632224
YALI0_D11638g	29	5.283054	1.005123	1.219118
YALI0_B21527g	6100	1477.436401	281.088379	340.933258
EFYLIG00000000100	0	0.0	0.0	0.0
YALI0_B17138g	193	11.144654	2.120317	2.571741
YALI0_F03630g	2892	151.182190	28.763039	34.886806
YALI0_A02068g	937	87.818939	16.707916	20.265100
ENSRNA049653220	0	0.0	0.0	0.0
YALI0_B05698g	812	99.379395	18.907341	22.932791
YALI0_D17886g	8520	225.301132	42.864471	51.990498
YALI0_C23837g	34	4.428195	0.842482	1.021850
YALI0_E00396g	4496	707.267883	134.560638	163.209152
YALI0_D06567g	1159	116.794411	22.220619	26.951481
YALI0_F19932r	0	0.0	0.0	0.0
YALI0_E15576g	2647	86.505829	16.458092	19.962088
ENSRNA049672280	0	0.0	0.0	0.0
YALI0_D04004g	639	76.557533	14.565388	17.666418
YALI0_B11748g	10300	1415.342896	269.274841	326.604553
YALI0_B18788g	700	75.457268	14.356057	17.412519
YALI0_D09086g	2293	65.618767	12.484241	15.142189
EFYLIG00000000053	0	0.0	0.0	0.0
YALI0_F22649g	1211	120.580872	22.941010	27.825245
YALI0_B07051g	111	21.346666	4.061292	4.925957
YALI0_A11198g	3225	146.300995	27.834370	33.760422
YALI0_B19844g	15	1.177156	0.223959	0.271641
YALI0_E08778r	0	0.000000	0.000000	0.000000
YALI0_F23573g	9922	248.892700	47.352867	57.434486
YALI0_B16280g	13478	2110.499268	401.531219	487.018890
YALI0_F04169g	22518	852.732666	162.235916	196.776611
YALI0_D21032g	894	138.626724	26.374308	31.989506
YALI0_F01320g	54898	3527.109375	671.047119	813.915833
ENSRNA049651859	0	0.0	0.0	0.0
YALI0_D07260g	544	49.588078	9.434337	11.442945
YALI0_F15653g	109	3.479087	0.661911	0.802834
YALI0_C15939g	30870	2749.439697	523.092285	634.460815
YALI0_F13343g	3060	49.399681	9.398494	11.399471
YALI0_B04774g	607	37.924984	8.032690	9.742883
YALI0_E13035g	11522	1020.751770	194.202240	235.548691
YALI0_D10835g	13909	601.098816	114.361534	138.709579
YALI0_F08965g	1609	219.202423	41.704166	50.583157
EFYLIG00000000260	0	0.0	0.0	0.0
ENSRNA049672937	0	0.000000	0.000000	0.000000
YALI0_E18810g	0	0.0	0.0	0.0
YALI0_D15158g	68540	3398.350586	646.550293	784.203491
YALI0_E03124g	5257	231.933151	44.126240	53.520901
YALI0_A20702g	2395	152.388779	28.992596	35.165241
YALI0_D09977g	11054	830.683044	158.040878	191.688446
YALI0_C17633g	9	1.463768	0.278488	0.337779
YALI0_D22352g	83423	4320.843262	822.058289	997.077881
YALI0_D25036g	3947	734.154724	139.675964	169.413574
YALI0_F00440g	140	26.001852	4.946960	6.000188
YALI0_B23474g	235	39.416672	7.499185	9.095792
YALI0_C04092g	9167	1318.802002	250.907547	304.326782
YALI0_F17226g	25901	5736.839844	1091.457520	1323.833252
YALI0_E32109g	2564	79.117630	15.052457	18.257187
ENSRNA049650781	1	0.067568	0.012855	0.015592
YALI0_B17578r	0	0.0	0.0	0.0
YALI0_D05577g	1034	59.378841	11.297070	13.702263
YALI0_F05852g	6707	389.930328	74.185852	89.980331
YALI0_F26081g	3196	243.420059	46.311672	56.171619
YALI0_B03366g	26382	4554.815430	866.572449	1051.069336
YALI0_E21417g	750	76.257805	14.508363	17.597254
ENSRNA049654483	0	0.0	0.0	0.0
EFYLIG00000000009	358	220.329269	41.918552	50.843185
YALI0_D02563g	8755	632.480713	120.332077	145.951263
YALI0_B18106r	0	0.0	0.0	0.0
YALI0_B08866g	29399	5292.789551	1006.975098	1221.364258
YALI0_D07348g	919	99.081200	18.850609	22.863979
YALI0_D19162g	958	36.546108	6.953048	8.433381
YALI0_A09922g	13852	3760.889893	715.524841	867.863037
YALI0_F21505g	3135	339.322601	64.557526	78.302094
YALI0_C09438g	547	34.887413	6.637475	8.050620
YALI0_A12045g	5903	1197.130493	227.759033	276.249878
YALI0_F14663g	2070	867.153503	182.822830	221.746552
YALI0_E10285g	773	54.970402	10.458346	12.684971
YALI0_C14498g	10115	1123.787720	213.805267	259.325287
EFYLIG00000000342	1	0.155172	0.029522	0.035807
YALI0_E02332g	9307	304.482330	57.929020	70.262352
YALI0_C00847g	14352	943.708313	179.544403	217.770142
YALI0_C02387g	173	42.004829	7.991592	9.693035
YALI0_E27698g	5291	237.475998	45.180790	54.799969
YALI0_E33011g	1116	159.069214	30.263575	36.706818
YALI0_E02508g	1260	63.950226	12.166795	14.757155
YALI0_C11077g	312	17.206558	3.273619	3.970586
YALI0_F01419r	0	0.0	0.0	0.0
YALI0_F03113g	5738	241.172699	45.884102	55.653019
YALI0_D25586g	511	54.049263	10.283096	12.472409
YALI0_E22737g	933	330.305267	62.841946	76.221252
YALI0_B04532g	3126	213.900406	40.695438	49.359661
YALI0_E25608g	4377	222.583588	42.347446	51.363392
YALI0_B22792g	1689	85.986382	16.359264	19.842220
YALI0_B20306g	12170	1427.584229	271.603790	329.429382
YALI0_A11935g	256	37.418842	7.119090	8.634773
YALI0_D03091g	922	137.207977	26.104385	31.662117
YALI0_B16940g	198	63.247620	12.033121	14.595022
YALI0_B06754g	3638	307.659119	58.533417	70.995422
YALI0_A19558g	132	8.044243	1.530450	1.856290
YALI0_D05973g	4476	115.811668	22.033649	26.724705
YALI0_E28644g	2835	122.325211	23.272877	28.227768
YALI0_E04961g	2153	311.002869	59.169579	71.767029
YALI0_A02959g	2915	127.617683	24.279791	29.449059
YALI0_C18403g	607	42.959297	8.173184	9.913288
YALI0_B12540g	4065	351.808044	66.932930	81.183228
YALI0_B09383g	14896	153.524231	29.242517	35.468369
YALI0_F15499r	0	0.0	0.0	0.0
EFYLIG00000000123	0	0.000000	0.000000	0.000000
ENSRNA049671812	1	0.606048	0.115303	0.139852
YALI0_C06732g	2873	339.340363	64.560905	78.306190
YALI0_E26521g	1408	292.405365	55.631332	67.475471
YALI0_E06787g	0	0.0	0.0	0.0
YALI0_C06171g	3577	353.066467	67.172356	81.473625
YALI0_F04730g	18063	2828.387695	538.112488	652.678772
YALI0_E00968g	7035	345.252197	65.685661	79.670403
YALI0_C17622r	0	0.0	0.0	0.0
EFYLIG00000000126	0	0.0	0.0	0.0
YALI0_F24057g	8	1.320261	0.251185	0.304663
YALI0_E30041r	0	0.0	0.0	0.0
YALI0_C21780g	431	131.754547	25.066849	30.403683
YALI0_E24409g	90	33.388889	6.352375	7.704821
YALI0_E11319g	2361	294.364197	56.004002	67.927490
YALI0_F26675g	911	283.808655	53.995773	65.491692
YALI0_D21582g	1221	122.635818	23.331972	28.299444
YALI0_B02486r	0	0.0	0.0	0.0
YALI0_F24695g	46604	5988.442871	1139.325928	1381.893188
YALI0_E12419g	3530	198.724640	37.808182	45.857704
YALI0_D19756g	10089	601.120972	114.365753	138.714691
YALI0_E33297g	520	48.562042	9.239129	11.206179
YALI0_C22572g	1760	213.056351	40.534851	49.164890
YALI0_E00946g	1377	237.683762	45.220322	54.847912
YALI0_E17149g	4945	336.291595	63.980865	77.602654
YALI0_F06050g	5295	821.376343	156.270248	189.540817
YALI0_B11044g	5153	121.480156	23.112103	28.032763
YALI0_D22770g	11825	458.092072	87.153915	105.709335
YALI0_E30250r	0	0.0	0.0	0.0
YALI0_B18084g	26	3.591353	0.683270	0.828741
YALI0_F07337g	1159	116.760483	22.214165	26.943651
YALI0_D10153g	900	84.084259	15.997378	19.403286
YALI0_C15873g	12823	1340.660400	255.066177	309.370819
YALI0_E03036g	21719	1447.894409	275.467896	334.116150
YALI0_E34221g	1674	191.592972	36.451355	44.212002
YALI0_D24816g	36442	9224.654297	1755.028687	2128.681396
YALI0_D25124g	1765	76.158546	14.489479	17.574348
YALI0_C16434g	7218	1285.680786	244.606094	296.683716
YALI0_E04763g	1126	125.871536	23.947580	29.046120
YALI0_F16687g	1123	121.117523	23.043110	27.949081
YALI0_D19272g	183	13.808558	2.627135	3.186463
YALI0_C22803r	0	0.0	0.0	0.0
YALI0_E19448g	1983	300.578064	57.186222	69.361397
YALI0_F02189g	5328	555.289978	105.646217	128.138733
YALI0_A10505r	1	0.060769	0.011562	0.014023
YALI0_F19470g	3532	301.738586	57.407013	69.629204
YALI0_E09757g	6538	687.822937	130.861160	158.722031
YALI0_A03905g	3951	413.067291	78.587761	95.319420
YALI0_B22000g	1435	271.269653	51.610176	62.598194
YALI0_C02827g	27	2.965142	0.564131	0.684236
YALI0_E29315g	1350	127.303452	24.220009	29.376547
YALI0_C16478g	970	141.902893	26.997612	32.745518
YALI0_A05291g	246	32.862434	6.252214	7.583336
YALI0_E10395g	5027	298.463257	56.783871	68.873390
YALI0_A20086g	1475	118.226189	22.493021	27.281879
YALI0_A16588g	3314	68.314758	12.997166	15.764316
YALI0_F22979r	0	0.0	0.0	0.0
YALI0_A08151g	1111	299.013336	56.888523	69.000328
YALI0_F06259g	867	245.040619	46.619991	56.545582
YALI0_D12661g	336	29.529156	5.618044	6.814149
YALI0_C12342g	9663	601.319153	114.403458	138.760422
YALI0_A08624g	0	0.0	0.0	0.0
YALI0_C16863g	2808	162.973557	31.006392	37.607780
YALI0_A01463g	2387	169.180344	32.187260	39.040058
YALI0_A10527g	5787	149.742279	28.489086	34.554531
YALI0_C05643g	2457	198.324539	63.781067	77.360321
EFYLIG00000000074	0	0.0	0.0	0.0
YALI0_C06237g	73471	26313.873047	5006.322754	6072.189941
EFYLIG00000000101	0	0.000000	0.000000	0.000000
YALI0_C10626g	2035	193.506592	36.815430	44.653587
YALI0_D18898g	1069	61.412968	11.684071	14.171659
YALI0_E14575g	5808	239.619278	45.588558	55.294552
YALI0_E02618g	3520	169.052307	32.162899	39.010513
YALI0_D01221g	889	47.686337	9.072523	11.004100
YALI0_B18634g	2438	141.986740	27.013565	32.764862
YALI0_B05214g	858	117.884354	22.427986	27.202995
YALI0_B19514r	0	0.0	0.0	0.0
EFYLIG00000000453	0	0.0	0.0	0.0
YALI0_F21615g	2510	85.255630	16.220236	19.673592
YALI0_C16522g	2	0.116292	0.022125	0.026836
YALI0_D25520g	402	55.595337	10.577243	12.829181
YALI0_F28237r	0	0.0	0.0	0.0
YALI0_C10450g	636	29.964521	5.700874	6.914614
YALI0_D19888g	1393	135.885025	25.852688	31.356833
YALI0_C06325g	8961	1146.982178	218.218109	264.677643
ENSRNA049653403	0	0.0	0.0	0.0
YALI0_D26840g	6577	475.127319	90.394936	109.640396
YALI0_B07755g	3450	193.860321	36.882729	44.735214
YALI0_D05445r	0	0.0	0.0	0.0
YALI0_B06600g	5178	189.046631	35.966904	43.624405
EFYLIG00000000456	803	389.759613	74.153374	89.940941
YALI0_C01111g	14182	2084.919922	396.664642	481.116180
YALI0_D18744g	706	296.895844	56.485661	68.511688
YALI0_E23067g	24380	4023.385742	765.465820	928.436646
YALI0_F27885g	27416	1129.721802	214.934235	260.694641
YALI0_B19118g	1202	163.812408	31.165989	37.801357
YALI0_C04818g	2212	127.275780	24.214743	29.370161
YALI0_F19228g	1042	34.968094	6.652824	8.069238
YALI0_B22528g	6168	239.203156	45.509388	55.198524
YALI0_D15708g	8820	703.579773	133.858963	162.358093
YALI0_A20152g	10992	438.976685	83.517128	101.298271
YALI0_B18678g	379	59.748043	11.367312	13.787460
YALI0_F12595g	667	35.075520	6.673263	8.094028
YALI0_E14080g	1366	170.255554	32.391823	39.288174
YALI0_E33209g	703	23.892593	4.545665	5.513455
YALI0_E26686g	247	53.785713	10.232955	12.411592
YALI0_E20405g	4122	231.641632	44.070778	53.453629
YALI0_E12023g	575	71.073532	13.522033	16.400930
YALI0_D20196g	336	16.758656	3.188404	3.867228
YALI0_B05962g	1223	143.912582	27.379965	33.209270
YALI0_C20922r	0	0.000000	0.000000	0.000000
YALI0_E15147g	15666	895.439758	170.361115	206.631699
YALI0_D17798g	2526	391.846405	74.550400	90.422485
YALI0_F04466g	3757	545.077576	103.703262	125.782112
YALI0_D24035g	5729	84.068878	15.994452	19.399736
YALI0_E26477g	14640	3623.982910	689.477722	836.270386
YALI0_A01067g	14178	3099.352783	589.664734	715.206726
YALI0_C24013g	938	75.907852	14.441782	17.516499
YALI0_B05148g	21516	934.643433	177.819778	215.678345
YALI0_E08030g	3757	177.874359	33.841331	41.046291
YALI0_F31955g	916	201.361649	38.309887	46.466221
YALI0_F11825g	9362	428.198364	81.466507	98.811066
YALI0_B00660g	1080	106.237816	20.212183	24.515442
EFYLIG00000000261	1	0.205339	0.039067	0.047384
YALI0_A20636g	2295	86.882637	16.529781	20.049040
YALI0_E29491g	55	18.612795	3.541161	4.295089
YALI0_B13552g	8109	549.251526	104.497375	126.745293
YALI0_B10714g	4986	325.889954	62.001911	75.202377
YALI0_A06699g	457	141.097855	26.844452	32.559746
ENSRNA049672903	0	0.0	0.0	0.0
YALI0_F01881g	1433	117.027512	22.264969	27.005272
YALI0_D21769g	1360	76.643219	14.581690	17.686190
YALI0_F26631g	642	37.754078	7.182869	8.712132
YALI0_F03949g	443	83.178772	15.825106	19.194334
YALI0_C11473g	24344	4406.184570	838.294800	1016.771240
YALI0_A18062g	19605	1299.245361	247.186798	299.813873
YALI0_F00308g	203	15.188988	2.889768	3.505011
YALI0_F28567g	3015	374.551056	71.259888	86.431404
YALI0_E10043g	5167	656.377319	124.878502	151.465652
YALI0_A03311r	0	0.0	0.0	0.0
YALI0_E19206g	13215	1772.409058	337.208160	409.001160
YALI0_B17061g	2173	465.768585	88.614395	107.480766
YALI0_F17578g	250	22.105265	4.205618	5.101011
YALI0_F11385g	32058	1566.411377	298.016235	361.465118
YALI0_F10010g	5506	226.884125	43.165642	52.355785
YALI0_E24497g	3876	263.590576	50.149197	60.826168
EFYLIG00000000117	0	0.000000	0.000000	0.000000
YALI0_A13233g	544	13.317624	2.533733	3.073175
YALI0_A01672r	0	0.0	0.0	0.0
ENSRNA049670858	0	0.000000	0.000000	0.000000
YALI0_F08063g	3050	206.127182	39.216549	47.565914
YALI0_B22814g	1249	80.337158	15.284476	18.538605
ENSRNA049657377	0	0.0	0.0	0.0
YALI0_E30657g	9251	1038.067749	197.496689	239.544540
ENSRNA049671756	0	0.000000	0.000000	0.000000
YALI0_F10219g	2219	466.764587	88.803894	107.710602
YALI0_F21263g	1979	195.322586	37.160931	45.072647
YALI0_B08360g	284	25.142105	4.783390	5.801793
YALI0_F27401g	1285	76.424614	14.540099	17.635746
YALI0_D26642g	427	35.104321	6.678742	8.100674
YALI0_E01694g	819	118.194565	22.487003	27.274582
YALI0_F13519g	7307	158.809555	30.214174	36.646896
YALI0_C09988g	6562	1248.109253	237.457947	288.013733
YALI0_B12144g	5806	320.939789	61.060120	74.060074
YALI0_D09207g	9696	764.435608	145.437042	176.401169
YALI0_C15554g	2420	159.070312	30.263784	36.707069
YALI0_C21912g	1493	204.233063	38.856186	47.128826
YALI0_F24453g	115	8.761905	1.666989	2.021897
YALI0_D14322g	15739	2235.745361	425.359802	515.920654
YALI0_C18249g	267	36.823769	7.005874	8.497454
YALI0_B06248g	857	52.800365	10.045487	12.184214
YALI0_B15532g	107	42.638889	8.112225	9.839351
YALI0_F13101g	1086	294.596771	56.048256	67.981155
YALI0_D13288g	54	8.837399	1.681352	2.039318
YALI0_D05665g	24485	1021.451904	194.335449	235.710266
YALI0_C18263g	26433	891.677673	172.057693	208.689499
YALI0_B17864g	2763	95.787506	18.223969	22.103928
YALI0_F17534g	670	223.062714	42.438606	51.473957
EFYLIG00000000609	48	59.506172	11.321296	13.731646
ENSRNA049658618	0	0.0	0.0	0.0
YALI0_B03410g	1453	117.572113	22.368582	27.130943
ENSRNA049672342	92	33.762337	6.423424	7.790998
YALI0_F26521g	609	89.525475	17.032593	20.658899
YALI0_A02541g	5396	239.024994	45.475494	55.157413
EFYLIG00000000373	0	0.0	0.0	0.0
YALI0_E17391g	2464	158.291351	30.115583	36.527313
ENSRNA049671027	0	0.000000	0.000000	0.000000
YALI0_F00968g	9040	256.157410	48.735008	59.110889
YALI0_C17347g	178226	9259.645508	1761.685791	2136.756104
YALI0_F24409g	19403	2332.932129	443.850006	538.347473
YALI0_E05159g	4	0.731884	0.139244	0.168890
YALI0_A20834g	1449	68.127563	12.961551	15.721117
YALI0_E19657g	3316	300.099457	57.095165	69.250961
YALI0_E24057g	3755	393.794403	74.921013	90.872009
YALI0_F11319g	9505	350.469147	66.678207	80.874268
YALI0_D23551g	1454	305.866669	58.192398	70.581795
YALI0_D23199g	1621	276.989838	52.698463	63.918179
YALI0_A18337g	2697	398.160828	75.751740	91.879601
YALI0_E23430g	2437	212.522446	40.433273	49.041687
EFYLIG00000000201	0	0.0	0.0	0.0
YALI0_F09141g	1360	37.518578	7.138064	8.657787
YALI0_B04136g	2603	269.619476	51.296219	62.217400
YALI0_D02761g	9321	494.963196	94.168793	114.217720
YALI0_F31548g	415	164.211761	31.241968	37.893509
YALI0_A12463r	0	0.0	0.0	0.0
YALI0_C00671g	184	10.199449	1.940487	2.353625
YALI0_A10274g	1628	326.051575	62.032658	75.239670
YALI0_B12452g	2457	153.464447	29.197247	35.413460
ENSRNA049656839	12	11.200000	2.130846	2.584512
YALI0_D13200g	21	4.754023	0.904473	1.097039
YALI0_B12386g	1042	103.697235	19.728828	23.929176
YALI0_D11125g	1020	323.716980	61.588493	74.700943
YALI0_B10846g	51952	2477.378174	471.331451	571.679810
YALI0_A16511g	104	16.538704	3.146557	3.816472
YALI0_F28215g	728	37.532413	7.140697	8.660980
YALI0_F22737g	1336	115.307693	21.937765	26.608406
YALI0_F06908g	310	18.888889	3.593689	4.358801
YALI0_D14608g	5275	736.850647	140.188889	170.035675
YALI0_E25564r	0	0.0	0.0	0.0
YALI0_A09108g	815	80.935104	15.398237	18.676586
YALI0_E26081g	7039	390.359680	74.267540	90.079407
YALI0_A16610g	0	0.0	0.0	0.0
YALI0_D07370g	14607	1095.201904	208.366699	252.728821
YALI0_D19602g	956	46.486031	8.844160	10.727118
YALI0_E32901g	55	3.469206	0.660031	0.800554
YALI0_B20174g	127	10.813029	2.057224	2.495215
YALI0_C07590g	0	0.0	0.0	0.0
YALI0_F13585g	3384	181.094330	34.453945	41.789333
YALI0_C07480g	184	20.433443	3.887547	4.715222
YALI0_E08536g	1418	122.057121	23.221872	28.165905
YALI0_C15917g	9	2.912458	0.554107	0.672079
YALI0_C07018g	951	185.978668	35.383209	42.916443
EFYLIG00000000446	0	0.0	0.0	0.0
YALI0_C10824g	970	174.531189	33.205280	40.274822
YALI0_F10285g	1866	152.769684	29.065065	35.253136
YALI0_E21505g	376	103.551910	19.701180	23.895641
YALI0_A11869g	3130	83.559341	15.897511	19.282156
YALI0_E14663g	715	42.250732	8.038377	9.749780
YALI0_A02607g	45	3.527584	0.671137	0.814025
YALI0_C05500g	2046	386.840820	73.598068	89.267403
YALI0_D21186g	669	42.621212	8.108862	9.835272
YALI0_B16654g	2130	174.400650	33.180447	40.244701
YALI0_B20328g	48783	10876.553711	2069.309326	2509.873779
YALI0_A10637g	4108	164.431625	31.283796	37.944248
YALI0_F27819g	812	31.985949	6.085459	7.381078
YALI0_E33253g	10983	1696.042847	322.679169	391.378906
YALI0_B17666g	25461	1001.375366	190.515793	231.077408
YALI0_D14212r	0	0.000000	0.000000	0.000000
YALI0_B12826g	37085	6002.540039	1142.008057	1385.146240
YALI0_A08756r	0	0.000000	0.000000	0.000000
YALI0_F14531g	2946	252.282440	48.112457	58.355801
YALI0_E09284g	529	58.297268	11.091296	13.452679
YALI0_B14861g	3210	667.010315	126.901474	153.919312
YALI0_D12012g	2898	141.988358	27.013874	32.765236
YALI0_B06688g	6804	880.929504	167.600479	203.283325
YALI0_E32703g	25879	2040.405151	388.195526	470.843933
EFYLIG00000000217	0	0.0	0.0	0.0
YALI0_B08580r	0	0.000000	0.000000	0.000000
YALI0_E21758g	2890	174.362015	33.173096	40.235783
YALI0_A10164g	975	72.120148	13.721156	16.642447
YALI0_F10329r	0	0.0	0.0	0.0
YALI0_B18524g	2228	122.942078	23.390240	28.370117
YALI0_D25630g	375	35.998096	6.848787	8.306922
YALI0_A10483g	157	10.180475	1.936877	2.349247
YALI0_D06930g	4299	240.795898	45.812416	55.566071
YALI0_E16687g	434	75.223366	14.311557	17.358547
YALI0_E05621g	30311	2020.684448	384.443573	466.293182
YALI0_C18689g	1301	42.725204	8.128647	9.859269
YALI0_C11649g	3507	173.333328	32.977383	39.998402
YALI0_F19448g	2119	451.303802	85.862411	104.142876
YALI0_B18150g	12161	2212.933350	421.019745	510.656555
YALI0_D05467g	16748	773.439392	147.150055	178.478897
YALI0_B15290g	2028	189.592606	36.070778	43.750397
YALI0_E19470g	846	138.775604	26.402634	32.023861
YALI0_B11352g	2681	81.141487	15.437504	18.724213
YALI0_A10593g	196	10.354265	1.969942	2.389350
YALI0_B22638g	1531	321.968750	61.255882	74.297516
YALI0_B01210g	250	18.226812	3.467726	4.206019
YALI0_E07337g	313	56.922523	10.829745	13.135443
YALI0_B22616g	3871	328.188904	62.439301	75.732880
YALI0_A11363r	0	0.0	0.0	0.0
YALI0_D08690g	708	51.346981	9.768975	11.848830
YALI0_E26400r	26	21.692513	4.127090	5.005764
YALI0_D14542g	9064	446.119873	84.876152	102.946632
YALI0_B05302g	4121	289.629791	55.103268	66.834976
YALI0_E29051g	978	98.550896	18.749716	22.741608
YALI0_C14740g	9363	410.405823	78.081406	94.705261
YALI0_E14124g	3438	559.011292	106.354202	128.997452
YALI0_D22748g	5926	320.196350	61.599770	74.714615
YALI0_A14762g	1294	191.052643	36.348557	44.087311
YALI0_D23815g	666	48.007137	9.133556	11.078128
YALI0_E15466g	1359	236.905014	45.072159	54.668205
YALI0_B16808g	9304	426.721161	81.185463	98.470184
YALI0_A06743g	1694	248.903931	47.355000	57.437080
YALI0_F04147g	2413	187.132874	35.602802	43.182789
YALI0_C08371g	1347	118.665794	22.576658	27.383322
YALI0_A20526g	3116	347.367554	66.088112	80.158546
YALI0_E24695g	1085	110.321243	20.989073	25.457731
YALI0_F00946g	8753	938.392761	178.533096	216.543533
ENSRNA049657759	0	0.0	0.0	0.0
YALI0_E28182g	1355	130.297150	24.789572	30.067373
YALI0_B15356g	851	63.069016	11.999141	14.553807
YALI0_E20559g	298	26.386984	5.020233	6.089061
YALI0_E17281g	1486	248.852402	47.345200	57.425186
YALI0_C09075r	0	0.0	0.0	0.0
YALI0_D01441g	2547	116.964073	22.252899	26.990633
YALI0_F23463g	8747	846.138916	160.981430	195.255051
YALI0_E11825g	8676	1123.424316	213.736115	259.241425
YALI0_F07062g	919	54.564960	10.381209	12.591412
YALI0_E31955g	4758	1483.182129	282.181549	342.259125
YALI0_F15763g	428	17.825495	3.391374	4.113411
YALI0_F29491g	2347	109.414589	20.816578	25.248514
YALI0_D03696g	12	0.816495	0.155342	0.188414
YALI0_B05170g	4106	224.737671	42.757271	51.860470
YALI0_C16126g	0	0.0	0.0	0.0
YALI0_A13761r	0	0.0	0.0	0.0
YALI0_F06490g	577	71.830864	13.666119	16.575691
YALI0_D25080g	1046	107.320122	20.420643	24.768282
YALI0_E19228g	1056	86.500412	16.457060	19.960836
YALI0_F12023g	592	49.874687	9.488865	11.509085
YALI0_E07964g	183	45.466667	8.650222	10.491889
YALI0_B04356g	4534	519.172363	98.774689	119.804222
YALI0_E27616g	2624	600.895691	114.322899	138.662704
YALI0_E12595g	2021	119.786972	22.789967	27.642046
YALI0_E04466g	742	78.052086	14.849732	18.011301
YALI0_E12485g	852	69.105225	13.147554	15.946723
YALI0_A00715r	0	0.0	0.0	0.0
YALI0_A18854r	0	0.000000	0.000000	0.000000
YALI0_F15147g	1649	77.169220	14.681764	17.807570
YALI0_E16995g	10237	454.046539	86.384232	104.775787
YALI0_F01903g	6923	281.805328	53.614628	65.029411
YALI0_D05049g	7057	138.193710	26.291925	31.889584
YALI0_C03564g	15011	1023.014954	194.632828	236.070969
YALI0_D24343g	9031	530.577637	100.944588	122.436111
YALI0_C23705g	196	15.922706	3.029361	3.674324
YALI0_F26477g	11	3.032787	0.577000	0.699846
YALI0_F16379g	17276	755.326843	143.704056	174.299240
YALI0_B06160g	94	17.709982	3.369397	4.086756
YALI0_E32835g	233	11.552114	2.197837	2.665766
YALI0_A15906g	71	7.677419	1.460661	1.771641
YALI0_E34441g	2166	467.354736	88.916176	107.846794
YALI0_B22088g	15985	576.166260	109.618011	132.956146
YALI0_F14289g	2088	364.103607	69.272217	84.020561
YALI0_B10065g	3143	164.793869	31.352716	38.027840
YALI0_B03102g	4932	441.580688	84.012550	101.899178
YALI0_D20482g	103	14.390516	2.737855	3.320756
YALI0_D17952g	3901	503.141754	95.724800	116.105003
YALI0_F25817g	1920	126.958084	24.154301	29.296852
YALI0_F02673g	388	13.075075	2.487587	3.017205
YALI0_E13750g	19117	1014.053894	209.669022	254.308411
YALI0_D20592g	147	35.402878	6.735544	8.169569
YALI0_A07777g	56	13.547445	2.577457	3.126209
YALI0_B03586r	0	0.0	0.0	0.0
YALI0_B12320g	2706	177.925125	33.850990	41.058006
YALI0_F23067g	293	14.846657	2.824638	3.426015
EFYLIG00000000226	1	0.066617	0.012674	0.015373
YALI0_C02893g	410	109.452377	20.823767	25.257233
YALI0_A09515g	31	16.811829	3.198520	3.879498
YALI0_D10109g	1146	91.800003	17.465330	21.183771
EFYLIG00000000352	2	1.860000	0.353873	0.429214
YALI0_D21120g	5976	178.817184	34.020710	41.263859
YALI0_F14575g	17960	553.709412	105.345505	127.774002
YALI0_B04290g	10179	397.544464	75.634476	91.737373
YALI0_B13156g	9788	565.173828	107.526657	130.419525
YALI0_D16775g	2718	300.996704	57.265865	69.458008
YALI0_B16236g	2609	117.425133	22.340618	27.097027
EFYLIG00000000223	13	13.684783	2.603587	3.157901
YALI0_C05511g	4323	305.087341	58.044128	70.401962
YALI0_D21208g	10557	624.608643	118.834381	144.134705
YALI0_C10406r	0	0.0	0.0	0.0
YALI0_E15862g	951	84.921310	16.156631	19.596443
YALI0_B20130r	0	0.0	0.0	0.0
YALI0_B08778g	16038	535.645142	101.908699	123.605492
YALI0_E19844r	0	0.0	0.0	0.0
EFYLIG00000000078	0	0.0	0.0	0.0
YALI0_F06556g	9	0.471380	0.089682	0.108776
YALI0_F04095g	47280	3817.090332	726.217224	880.831848
YALI0_E13101g	4795	216.935486	41.272873	50.060040
YALI0_F25795g	21765	1274.324585	242.445526	294.063171
YALI0_E12903r	0	0.000000	0.000000	0.000000
YALI0_D27038g	8012	288.786224	54.942772	66.640320
YALI0_D06303g	39497	3593.822510	683.739624	829.310547
YALI0_B06270g	7509	549.545898	104.553383	126.813232
YALI0_D09735g	32645	2313.721436	440.195068	533.914368
YALI0_B10340g	30637	1696.411011	322.749207	391.463837
YALI0_D27016g	12962	602.726501	114.671211	139.085190
YALI0_A01980g	29	1.818882	0.346050	0.419725
YALI0_A15334r	0	0.0	0.0	0.0
YALI0_C14058g	2686	244.323425	46.483540	56.380081
YALI0_E10219g	34	1.902357	0.361931	0.438988
YALI0_B11132g	1373	300.056274	57.086948	69.240997
EFYLIG00000000501	0	0.0	0.0	0.0
YALI0_A11781g	45	2.272773	0.432404	0.524465
YALI0_E35112g	100	4.779047	0.909233	1.102813
YALI0_F01694g	14911	498.497192	94.841156	115.033226
ENSRNA049653699	0	0.0	0.0	0.0
ENSRNA049671458	0	0.0	0.0	0.0
YALI0_B20966g	10696	2835.262451	539.420410	654.265259
YALI0_F14399g	4219	527.955383	100.445694	121.831001
YALI0_F09339g	2125	335.737091	63.875370	77.474701
YALI0_E24453g	8501	779.788391	148.357971	179.944000
YALI0_C17919g	381	92.828499	17.661007	21.421106
YALI0_E31174g	757	101.924004	19.391462	23.519985
YALI0_D07876g	290	50.544044	9.616214	11.663545
YALI0_E11385g	1132	146.533340	27.878572	33.814037
YALI0_A18964g	244	40.996666	7.799786	9.460391
YALI0_F24497g	2671	707.992126	134.698441	163.376282
YALI0_C07227r	0	0.0	0.0	0.0
YALI0_D00363g	295	18.371605	3.495274	4.239432
YALI0_B02266g	14055	515.998535	98.170860	119.071831
YALI0_E05313g	284	22.016129	4.188660	5.080442
YALI0_F22341g	7378	1199.834229	228.273438	276.873779
YALI0_D10104g	1532	70.130615	13.488828	16.360655
YALI0_E15730g	2050	140.840134	26.795420	32.500271
EFYLIG00000000182	0	0.0	0.0	0.0
YALI0_B08734g	10494	883.230835	168.038315	203.814377
YALI0_D26444g	4524	116.977982	22.255545	26.993843
YALI0_D05841g	1289	53.571194	10.192142	12.362089
YALI0_F30657g	10207	789.916504	150.284882	182.281143
YALI0_E07854r	0	0.000000	0.000000	0.000000
YALI0_E26631g	1524	133.187881	25.339544	30.734438
YALI0_A07513r	0	0.0	0.0	0.0
YALI0_B13035r	0	0.0	0.0	0.0
YALI0_E00308g	36	2.011844	0.382762	0.464253
YALI0_C05104g	892	297.191437	56.541901	68.579903
YALI0_F19206g	21	2.268187	0.431532	0.523407
YALI0_F15961g	157	21.009333	3.997112	4.848114
YALI0_B22506g	1494	137.003632	26.065508	31.614962
YALI0_B20570g	9866	465.201691	88.506546	107.349953
YALI0_C07194g	919	54.874043	10.508371	12.745646
ENSRNA049655840	2	1.117117	0.212536	0.257786
YALI0_A10879g	11571	2389.744385	454.658722	551.457458
YALI0_E23859g	22345	1277.202637	242.993088	294.727325
YALI0_E21692g	21654	1320.683594	251.265503	304.760986
YALI0_B18700g	3802	373.148682	70.993080	86.107796
YALI0_B13684g	140	52.891384	10.062805	12.205217
YALI0_D11528g	457	45.518738	8.660128	10.503904
YALI0_A09592g	3286	249.717834	47.509850	57.624893
YALI0_B21164g	499	101.028114	19.221016	23.313250
YALI0_F03520g	629	56.615864	10.771402	13.064678
YALI0_F17446g	127	9.231884	1.756404	2.130350
YALI0_E24145g	558	54.109509	10.294558	12.486312
YALI0_F15609g	3567	325.395660	61.907867	75.088310
YALI0_F05324g	13707	493.541168	93.898247	113.889580
ENSRNA049670253	19	21.068966	4.008458	4.861875
YALI0_F04576g	1270	90.912056	17.296394	20.978868
YALI0_F12243g	1419	220.109070	41.876659	50.792374
YALI0_D06776g	888	103.759262	19.740629	23.943491
YALI0_F00220g	29038	1730.260620	329.189240	399.274994
YALI0_C07975g	3670	94.605156	17.999022	21.831087
YALI0_D12364g	4391	207.902481	39.554306	47.975582
YALI0_D19338g	0	0.0	0.0	0.0
YALI0_C23276g	3752	215.174332	40.937805	49.653637
YALI0_D08140g	45084	4788.009766	910.938660	1104.881348
YALI0_E30459r	0	0.0	0.0	0.0
YALI0_A14454g	2359	277.638702	52.821911	64.067909
YALI0_D19316g	4781	290.516235	55.271915	67.039528
YALI0_D21747g	1235	110.522163	21.027298	25.504097
YALI0_C15422g	7888	804.681763	153.094025	185.688385
YALI0_B19668g	11903	2109.077148	401.260651	486.690704
YALI0_E32153g	2684	254.445068	48.409229	58.715752
YALI0_D08382g	112	6.966480	1.325402	1.607585
YALI0_F27335g	256	51.477047	9.793721	11.878845
YALI0_C13200r	0	0.0	0.0	0.0
YALI0_E14465g	24315	3148.380859	598.992493	726.520447
YALI0_E25696g	43497	2994.648193	569.744202	691.045105
ENSRNA049654930	0	0.0	0.0	0.0
YALI0_F31625g	1003	213.664551	40.650562	49.305237
YALI0_C16181g	15229	1195.081543	227.369217	275.777069
YALI0_E29755g	2193	119.256325	22.689009	27.519594
YALI0_A17020g	51696	1217.884277	238.275131	289.004883
YALI0_A15257g	2956	158.206680	30.099474	36.507778
YALI0_F18502g	8615	419.688843	79.847534	96.847404
YALI0_F08305g	17868	1168.021362	222.220901	269.532654
YALI0_B14355g	12232	1166.587402	221.948090	269.201721
YALI0_E28963g	19248	1507.000732	286.713104	347.755524
YALI0_E02596g	488	41.232834	7.844718	9.514890
YALI0_F21373g	916	346.475647	65.918427	79.952728
YALI0_B06006g	1022	100.853371	19.187771	23.272926
YALI0_B00110g	484	92.016953	17.506605	21.233833
YALI0_C07370r	0	0.0	0.0	0.0
YALI0_E10967r	0	0.0	0.0	0.0
YALI0_D13970g	4	0.237906	0.045263	0.054899
YALI0_E01826g	853	82.755043	15.744490	19.096556
YALI0_F21494g	4	1.033854	0.196695	0.238572
YALI0_E03080g	5400	452.232178	86.039040	104.357109
YALI0_D06215g	9747	692.280579	131.709244	159.750687
YALI0_A00792r	0	0.0	0.0	0.0
YALI0_E07601g	7454	215.754105	41.048111	49.787426
YALI0_D17424g	12052	643.996277	122.522949	148.608597
YALI0_B04851g	311	98.644653	18.767553	22.763243
YALI0_F16027g	0	0.0	0.0	0.0
YALI0_A00154g	245221	22618.544922	4303.271973	5219.456055
YALI0_F02431g	1481	121.600815	23.135057	28.060608
YALI0_F22473g	1932	141.028915	26.831335	32.543835
YALI0_E10857g	3431	740.386780	140.861649	170.851669
YALI0_D22176r	0	0.0	0.0	0.0
YALI0_D12749g	4921	333.305847	63.412815	76.913666
YALI0_B00858g	3216	407.015045	77.436295	93.922798
YALI0_D07722g	2197	131.114655	24.945105	30.256021
YALI0_C21736g	53	9.322862	1.773713	2.151344
YALI0_C00781g	1261	82.592087	15.713487	19.058952
ENSRNA049657397	0	0.0	0.0	0.0
YALI0_E01386g	1332	85.710640	16.306805	19.778589
YALI0_E05709g	269174	24295.351562	4622.291016	5606.395996
YALI0_F31493g	2785	171.999390	32.723595	39.690582
YALI0_E01452g	3771	1493.560791	284.156128	344.654144
YALI0_F14949g	2047	256.168518	48.737122	59.113453
YALI0_C22385g	1531	81.678818	15.539733	18.848206
YALI0_B08074g	2160	242.386673	46.115067	55.933155
YALI0_E06105g	5180	597.162109	113.612564	137.801147
YALI0_B13992g	2313	137.557709	26.170921	31.742821
YALI0_F01540g	498	42.988888	8.178814	9.920116
EFYLIG00000000046	0	0.0	0.0	0.0
YALI0_B21274g	160	27.608248	5.252584	6.370880
EFYLIG00000000160	0	0.0	0.0	0.0
YALI0_B19646g	1563	194.825928	37.066437	44.958035
YALI0_F31009g	2504	458.099640	87.155357	105.711090
YALI0_F20350g	1784	90.725578	17.260918	20.935837
YALI0_E09889g	7118	398.023804	75.725677	91.847984
YALI0_F09691g	289	11.051894	2.102669	2.550335
ENSRNA049652575	0	0.0	0.0	0.0
ENSRNA049670994	0	0.000000	0.000000	0.000000
YALI0_C12298r	0	0.0	0.0	0.0
YALI0_A07106g	2433	93.280563	17.747013	21.525425
YALI0_E23192g	2954	1014.653076	193.041946	234.141357
YALI0_E21890g	227	35.951260	6.839876	8.296114
YALI0_A08902r	42	57.819443	11.000388	13.342417
YALI0_F18128g	47790	4042.478271	769.098206	932.842407
EFYLIG00000000043	0	0.0	0.0	0.0
YALI0_C21648g	811	20.376650	3.876742	4.702116
YALI0_F17468g	14771	437.754395	83.284584	101.016220
YALI0_E16060g	28623	1508.007812	286.904724	347.987915
YALI0_C19624g	3029	270.408478	51.446331	62.399467
YALI0_A12287g	2922	120.517159	22.928888	27.810543
YALI0_B03938g	759	65.488892	12.459533	15.112218
YALI0_D12100g	52	3.437376	0.653975	0.793209
YALI0_E26785g	368	23.909910	4.548959	5.517451
YALI0_D23727g	56131	2344.568604	446.063843	541.032715
YALI0_C19151g	3445	124.955818	23.773361	28.834806
ENSRNA049671295	28	10.163208	1.933592	2.345262
YALI0_C23166g	5451	401.533905	76.393486	92.657974
YALI0_D08822g	12967	480.767609	91.468025	110.941948
YALI0_B03916g	2572	460.586853	87.628555	106.285034
YALI0_D11814g	3381	1094.282104	208.191696	252.516571
YALI0_D24101g	10416	586.408020	111.566544	135.319519
YALI0_E20163g	3204	263.674011	50.165070	60.845421
YALI0_F00286g	10629	247.968124	47.176960	57.221130
YALI0_E12683g	49296	2192.376953	417.108795	505.912933
YALI0_D26315g	13415	277.204620	55.004711	66.715431
YALI0_F25091g	12584	420.272491	79.958580	96.982086
YALI0_E26026g	18715	3014.680908	573.555481	695.667847
YALI0_E17941g	13014	1505.587646	286.444275	347.429443
YALI0_E07755r	0	0.000000	0.000000	0.000000
YALI0_F22253r	0	0.0	0.0	0.0
YALI0_E18414g	13056	721.709351	137.308197	166.541672
YALI0_F31097g	1609	255.405655	48.591980	58.937412
YALI0_F14113g	133	8.235983	1.566930	1.900536
YALI0_E33187g	1146	76.847275	14.620512	17.733278
YALI0_F20856g	13388	2458.258789	502.863037	609.924622
EFYLIG00000000643	0	0.0	0.0	0.0
YALI0_A00550g	73	4.563283	0.868183	1.053023
YALI0_D24519g	2282	263.922119	50.212276	60.902672
YALI0_E02882g	4322	655.324280	124.678154	151.222656
YALI0_E19514g	14566	576.921936	109.761780	133.130524
YALI0_D00539g	1910	117.764359	22.405155	27.175306
YALI0_D20108g	18	1.149768	0.218748	0.265320
YALI0_C03498g	5466	141.439667	26.909481	32.638622
YALI0_F26719g	295	29.605970	5.632658	6.831874
YALI0_F16423g	17	1.108401	0.210878	0.255775
YALI0_F03663g	53	3.338983	0.635255	0.770504
YALI0_A15752g	40	10.793011	2.053415	2.490596
YALI0_C21362g	49720	4463.735352	849.244141	1030.051636
YALI0_B02618r	0	0.000000	0.000000	0.000000
YALI0_D15796g	902	100.095596	20.344690	24.676159
YALI0_F22077g	2252	129.817917	24.698397	29.956787
ENSRNA049670811	0	0.000000	0.000000	0.000000
EFYLIG00000000478	0	0.0	0.0	0.0
YALI0_A10310g	2818	314.061798	59.751553	72.472908
YALI0_E19173r	24	19.567236	3.722747	4.515336
YALI0_D09449g	2270	143.380234	27.278683	33.086430
YALI0_F12925g	515	38.176945	7.263321	8.809712
YALI0_E28072r	0	0.0	0.0	0.0
YALI0_D01716g	32110	4394.441406	836.060669	1014.061340
YALI0_F02299g	1937	79.612946	15.146692	18.371485
YALI0_C09185g	9609	422.849243	80.448822	97.576706
YALI0_D01738g	737	73.158310	13.918672	16.882013
YALI0_A11671g	805	45.240955	8.607279	10.439804
YALI0_A07843g	5726	280.997070	53.460854	64.842888
YALI0_C06974g	1441	101.658279	19.340908	23.458668
YALI0_A21307g	46139	2696.762207	513.070129	622.304871
YALI0_D14894g	16152	1652.754639	314.443390	381.389709
YALI0_E02420g	14841	808.485962	153.817795	186.566238
YALI0_F01144g	1473	147.058365	27.978460	33.935192
YALI0_F02981g	5992	440.406830	83.789223	101.628288
ENSRNA049669726	2	1.464719	0.278669	0.337999
YALI0_A05181g	1787	129.333328	24.606201	29.844961
YALI0_A02629g	32	8.991454	1.710661	2.074868
YALI0_C03333g	5701	293.889221	55.913639	67.817886
YALI0_E31288g	4067	405.085785	77.069244	93.477608
YALI0_E04070g	798	82.090721	15.618099	18.943256
YALI0_B14223g	308	30.899502	5.878758	7.130370
YALI0_E22550g	29	0.815621	0.155175	0.188213
YALI0_E05797g	5045	436.589539	83.062965	100.747414
YALI0_F18612g	5751	586.663635	111.615189	135.378510
YALI0_E31427g	5656	389.342194	74.073967	89.844620
ENSRNA049655297	0	0.0	0.0	0.0
YALI0_E30767g	1840	294.911102	56.108059	68.053696
YALI0_C00869g	894	57.084755	10.860611	13.172880
YALI0_C08833g	512	88.324783	16.804155	20.381830
YALI0_F17842g	6948	488.297852	92.900688	112.679626
YALI0_F02475g	19247	1670.029175	317.729950	385.375977
YALI0_A15125g	785	45.694347	8.693539	10.544429
YALI0_B14567r	7	4.637128	0.882233	1.070064
YALI0_E22528r	0	0.0	0.0	0.0
YALI0_D11792g	513	39.332577	7.483185	9.076386
YALI0_F10945g	1855	48.113506	9.153794	11.102674
YALI0_F18810g	2092	157.200897	29.908119	36.275684
YALI0_B21560g	2155	241.770004	45.997742	55.790852
YALI0_B17512g	6226	527.916870	100.438362	121.822105
YALI0_A17259g	6	1.015075	0.193122	0.234239
ENSRNA049671213	74847	64063.609375	12188.367188	14783.320312
YALI0_D26213g	442	31.571125	6.006537	7.285354
YALI0_E14036g	4010	148.834976	28.316469	34.345161
YALI0_C20471g	14	0.723502	0.137649	0.166955
ENSRNA049655324	0	0.0	0.0	0.0
YALI0_F07887g	791	85.890320	16.340988	19.820053
YALI0_E21439g	837	66.920029	12.731812	15.442468
YALI0_D21978g	2683	240.805328	45.814209	55.568245
YALI0_E01320g	442	62.699017	11.928747	14.468427
YALI0_D11000g	1394	149.837067	28.507122	34.576408
YALI0_F02783g	1312	86.416176	16.441036	19.941399
YALI0_D01177g	607	42.011662	7.992892	9.694612
YALI0_F13035g	358	70.762749	13.462906	16.329214
YALI0_D04983g	67585	7819.020020	1487.600830	1804.317261
YALI0_E13343g	10113	1025.492920	195.104263	236.642776
YALI0_A05731r	0	0.0	0.0	0.0
YALI0_C20066g	136	83.078789	15.806084	19.171265
YALI0_F28303g	3398	95.008026	18.075668	21.924053
YALI0_B15059g	54990	865.910583	164.780899	199.863434
YALI0_A20680g	2546	495.277466	94.228584	114.290245
YALI0_C05192r	0	0.0	0.0	0.0
YALI0_E24211g	3132	159.517899	30.348940	36.810356
YALI0_F15697g	3806	538.378174	102.428673	124.236160
YALI0_B13706g	1163	74.805611	14.232077	17.262144
EFYLIG00000000634	7	6.442315	1.225677	1.486629
YALI0_F20130g	78	7.124542	1.355474	1.644060
YALI0_F19976g	1187	77.544334	14.753130	17.894133
YALI0_D22044g	1130	193.016922	36.722267	44.540592
YALI0_E22649g	48839	2780.494385	545.820312	662.027710
YALI0_B11770g	8131	565.566833	107.601425	130.510223
YALI0_C07931g	53	17.683332	3.364327	4.080606
YALI0_C22462g	1426	87.591850	16.664713	20.212698
YALI0_E20273g	372	24.162476	4.597011	5.575734
YALI0_E04169g	9742	326.336639	62.086895	75.305450
YALI0_F17710g	3552	115.745728	22.021103	26.709488
YALI0_D24750g	31355	1505.871216	286.498230	347.494873
ENSRNA049672800	1	0.230122	0.043782	0.053103
YALI0_A15488g	204	12.984819	2.470416	2.996377
YALI0_F29271r	0	0.0	0.0	0.0
YALI0_A14905g	76	6.982553	1.328460	1.611294
YALI0_A19998g	3213	113.606796	21.614162	26.215908
YALI0_E23518g	9696	1080.852173	205.636597	249.417480
ENSRNA049655546	0	0.0	0.0	0.0
ENSRNA049672649	1	0.089626	0.017052	0.020682
YALI0_D21934g	2682	344.517822	65.545944	79.500938
YALI0_B02794g	1490	131.932449	25.100693	30.444735
YALI0_E03630g	5026	171.432968	32.615829	39.559879
YALI0_F00396g	3168	164.583328	31.312658	37.979252
YALI0_E29799r	0	0.0	0.0	0.0
YALI0_E17743g	10321	416.634308	79.266403	96.142540
YALI0_A15598g	37	20.222221	3.847361	4.666481
EFYLIG00000000469	51	56.193130	10.690975	12.967129
YALI0_C02343g	954	96.114769	18.286232	22.179447
YALI0_C19580g	32111	2837.449707	539.836548	654.769958
YALI0_C15224g	12030	1027.915405	195.565155	237.201782
YALI0_C18073g	4284	670.731812	127.609497	154.778091
YALI0_B23210g	1445	98.076614	18.659481	22.632162
YALI0_E10483g	4835	314.796265	59.891293	72.642395
YALI0_E10593g	1020	97.484848	18.546896	22.495605
YALI0_B00616g	9624	479.728516	98.304047	119.233391
YALI0_A19470g	15589	729.917908	138.869888	168.435867
EFYLIG00000000420	1	0.057471	0.010934	0.013262
YALI0_B00638g	588	127.690323	24.293613	29.465822
YALI0_C07568g	6273	221.597763	42.159889	51.135906
YALI0_F03905g	441	40.088287	7.626963	9.250774
YALI0_F02277g	7645	1964.702393	373.792755	453.374756
YALI0_D04741g	29971	2314.197266	440.285614	534.024231
YALI0_F30261g	30633	761.658386	144.908661	175.760300
YALI0_F20086g	0	0.0	0.0	0.0
YALI0_E10637g	24980	1138.000488	216.509308	262.605042
YALI0_D15114g	10642	611.346985	116.311295	141.074448
YALI0_B10692g	2151	112.777260	21.456339	26.024483
YALI0_D19074g	3894	388.995056	74.007919	89.764511
YALI0_E24079g	1626	430.955383	81.991043	99.447281
YALI0_E19679g	2570	203.069641	38.634838	46.860355
YALI0_B15884g	2240	204.914856	38.985897	47.286156
YALI0_D09273g	16582	5168.997070	983.423035	1192.797852
YALI0_A09284g	12316	1400.700439	266.489044	323.225677
YALI0_B06512g	1197	38.175674	7.263080	8.809420
YALI0_F08151g	3849	256.059296	48.716339	59.088249
YALI0_D23441g	688	133.107285	25.324211	30.715841
YALI0_B15246g	2399	79.619003	15.147845	18.372883
YALI0_C18205g	3214	360.672211	68.619377	83.228729
YALI0_A15466g	139	26.280603	4.999993	6.064513
YALI0_C09801g	4348	1230.016846	234.015793	283.838745
YALI0_E06743g	495	48.942158	9.311448	11.293893
YALI0_E29865g	2695	394.373901	75.031265	91.005730
ENSRNA049672004	0	0.0	0.0	0.0
YALI0_F29711g	1492	86.430870	16.443830	19.944790
YALI0_D16335g	33045	958.214478	182.304276	221.117599
YALI0_D08646g	5152	394.144684	74.987656	90.952835
YALI0_A17281g	700	68.290825	12.992612	15.758792
YALI0_F06710g	578	94.865044	18.048468	21.891060
YALI0_C11231g	1715	127.700592	24.295565	29.468191
YALI0_B15081g	14080	1755.635742	334.016968	405.130554
YALI0_C08767g	1227	41.349350	7.866885	9.541777
YALI0_D04510g	6169	182.485352	34.718594	42.110321
YALI0_F16137g	3107	280.375336	53.342567	64.699417
YALI0_D06039g	2453	149.308014	28.406467	34.454323
YALI0_F22099g	9002	468.414734	89.117836	108.091393
EFYLIG00000000237	0	0.0	0.0	0.0
EFYLIG00000000459	1	0.311207	0.059208	0.071814
YALI0_E08272r	0	0.0	0.0	0.0
YALI0_B18282g	27482	1793.049072	341.135010	413.764038
YALI0_B11242g	8289	589.965454	112.243362	136.140442
YALI0_C11407g	33948	504.144989	95.915665	116.336510
YALI0_F00990g	46732	1147.556641	218.327393	264.810181
YALI0_D03982g	1515	125.904526	23.953857	29.053732
YALI0_E33627g	6079	282.274475	53.703884	65.137665
YALI0_E30833g	3845	306.018921	58.221363	70.616928
YALI0_B18392g	766	277.068115	52.713356	63.936249
YALI0_D20944g	3210	230.681854	49.452843	59.981556
YALI0_E01254g	8122	704.693298	134.070816	162.615051
YALI0_E00704g	1016	122.103569	23.230709	28.176622
YALI0_F02959g	584	28.881372	5.494801	6.664666
ENSRNA049657952	0	0.0	0.0	0.0
YALI0_F24717g	10191	1036.544800	197.206924	239.193100
YALI0_D12606g	4505	357.704407	68.054741	82.543877
YALI0_F19558g	576	58.514603	11.132646	13.502831
YALI0_E17501r	0	0.0	0.0	0.0
EFYLIG00000000603	0	0.0	0.0	0.0
YALI0_F18304g	29	9.291262	1.767701	2.144052
YALI0_C03201g	571	218.412872	41.553951	50.400963
YALI0_F05984g	205	14.328472	2.726051	3.306438
YALI0_E23265g	5243	480.903717	91.493919	110.973351
YALI0_E02640g	185	16.724169	3.181842	3.859270
YALI0_C13882g	1093	84.538696	16.083836	19.508152
YALI0_F04312g	2782	205.836624	39.161270	47.498863
YALI0_B05720g	1947	232.399521	44.214970	53.628521
YALI0_C19305g	4413	114.182487	21.723690	26.348753
YALI0_B11913g	707	334.950714	63.725761	77.293236
YALI0_C09009g	5232	408.640381	77.745522	94.297867
YALI0_B13222g	2627	94.063118	17.895897	21.706007
YALI0_D08668g	651	74.712173	14.214299	17.240583
YALI0_D26818g	24134	1273.491089	242.286942	293.870819
YALI0_E31647g	6368	659.572327	125.486366	152.202927
YALI0_B19382g	16617	302.219360	57.498482	69.740150
YALI0_C05995g	3064	107.111458	20.378397	24.717043
EFYLIG00000000540	0	0.0	0.0	0.0
YALI0_E06941g	2714	132.612961	25.230165	30.601770
YALI0_B08338g	7425	52.427536	10.124623	12.280197
YALI0_F18458g	15253	1280.575317	243.634735	295.505615
ENSRNA049656010	68	71.093750	13.525880	16.405596
YALI0_C07216r	0	0.0	0.0	0.0
ENSRNA049656520	0	0.0	0.0	0.0
YALI0_A05159g	251	29.505827	5.613605	6.808765
YALI0_D15972g	0	0.0	0.0	0.0
YALI0_B08316g	1495	356.777771	67.878441	82.330048
YALI0_D10571g	1653	209.895599	39.933506	48.435513
YALI0_F05522g	27081	5627.773438	1070.707153	1298.665161
YALI0_B15268g	8257	917.362976	174.532104	211.690704
YALI0_B10890g	5618	233.478195	44.420193	53.877434
YALI0_F02167g	22570	4175.021973	794.315186	963.428223
YALI0_F06842g	850	58.389114	11.108770	13.473874
YALI0_E09108g	19839	1239.151489	235.753708	285.946625
YALI0_E20449g	1233	85.023911	16.176149	19.620121
YALI0_A02739r	0	0.000000	0.000000	0.000000
YALI0_D01551g	26	6.964770	1.325076	1.607190
YALI0_E27676g	1456	347.413727	66.096901	80.169197
YALI0_E11869g	2017	49.348591	9.388774	11.387682
YALI0_F12045g	1237	250.759033	47.707943	57.865162
YALI0_E08404r	0	0.0	0.0	0.0
YALI0_A08536g	2785	151.934097	28.906090	35.060314
YALI0_D16962g	50	5.423453	1.031834	1.251516
YALI0_E21329g	6078	1017.978455	193.674622	234.908722
YALI0_F16643g	566	79.052559	15.040077	18.242170
YALI0_C07546g	92	6.369220	1.211770	1.469761
YALI0_C13420g	7399	486.497406	92.558144	112.264153
YALI0_E13574g	34380	3307.024902	629.175171	763.129150
YALI0_E01430g	1457	66.355438	12.624396	15.312183
YALI0_A03113g	1251	363.077576	69.077011	83.783791
YALI0_E01122g	2687	349.194336	66.435661	80.580093
YALI0_C14476g	4813	298.960632	56.878494	68.988167
YALI0_E20031g	27652	2864.408203	544.965515	660.990967
YALI0_D01199g	1556	133.977829	25.489836	30.916727
YALI0_A01265g	15	0.987976	0.187967	0.227985
YALI0_D09163g	775	114.911896	21.862463	26.517073
YALI0_A14586g	7275	385.079651	73.262993	88.860992
YALI0_F11935g	1750	283.141022	53.868748	65.337631
YALI0_D02365g	422	102.799515	19.558033	23.722017
EFYLIG00000000612	0	0.0	0.0	0.0
EFYLIG00000000308	0	0.0	0.0	0.0
YALI0_D12562g	1019	31.202000	5.936309	7.200174
YALI0_A04455g	1132	187.712646	35.713108	43.316574
YALI0_B07128r	0	0.0	0.0	0.0
YALI0_B21472g	530	51.537571	9.805236	11.892812
YALI0_D12400g	24531	1726.568604	333.841644	404.917908
YALI0_E17105g	15544	351.687012	66.909912	81.155304
YALI0_A13519g	5539	149.420135	28.427797	34.480194
YALI0_B11594g	11361	423.563690	80.584747	97.741562
EFYLIG00000000012	0	0.0	0.0	0.0
YALI0_A21263g	4885	312.051880	59.369164	72.009094
YALI0_F05478g	1940	90.556633	17.228773	20.896851
YALI0_C24354g	33967	919.953186	175.144196	212.433136
YALI0_B14993g	2353	269.405884	51.255585	62.168110
YALI0_C22726g	1535	131.756805	25.067276	30.404203
YALI0_B04268g	5147	294.140381	55.961422	67.875839
YALI0_B11484g	1279	85.591774	16.284189	19.751160
YALI0_C05687g	16175	2441.874512	464.576721	563.487000
YALI0_A13101g	7078	274.517273	52.228046	63.347614
YALI0_F31185g	1633	321.467834	61.160587	74.181931
YALI0_C16621g	2327	304.691315	67.408455	81.759987
YALI0_C21428g	589	40.676933	7.738955	9.386610
EFYLIG00000000129	0	0.0	0.0	0.0
YALI0_F20020g	17372	537.545959	102.270340	124.044128
YALI0_E01980g	743	131.607025	25.038782	30.369640
YALI0_E23089g	2476	574.813782	109.360695	132.644043
EFYLIG00000000240	0	0.0	0.0	0.0
EFYLIG00000000364	0	0.0	0.0	0.0
YALI0_A17534g	11	0.728346	0.138571	0.168073
YALI0_C11165g	2956	89.251083	16.980389	20.595581
ENSRNA049658531	0	0.0	0.0	0.0
YALI0_C12793g	1568	294.761627	56.079620	68.019203
YALI0_A03949g	210	7.796092	1.483239	1.799026
YALI0_E03850g	5947	222.451859	42.322388	51.332996
YALI0_C17897g	5562	725.696411	138.066742	167.461716
YALI0_D26015g	1365	65.514977	12.464495	15.118237
YALI0_F23529g	1823	286.690033	54.543961	66.156601
YALI0_A01089g	120185	6371.978027	1212.295166	1470.397827
YALI0_F06468g	10764	933.954468	177.688690	215.519363
EFYLIG00000000006	0	0.0	0.0	0.0
EFYLIG00000000150	0	0.0	0.0	0.0
YALI0_E34650g	3792	233.764969	44.474751	53.943611
YALI0_E34199g	373	22.460941	4.273287	5.183087
YALI0_F11583g	2956	309.962616	58.971668	71.526985
YALI0_F05434g	3257	159.372086	30.321198	36.776707
YALI0_C23188g	2172	278.024078	52.895233	64.156837
YALI0_B17314g	3023	315.061920	59.941833	72.703697
YALI0_F22136g	1395	419.318451	79.777069	96.761940
YALI0_C15807g	65	2.929991	0.557443	0.676125
YALI0_A10010g	1721	165.507614	31.488508	38.192543
YALI0_E34551g	8806	222.225632	42.279346	51.280792
YALI0_A04301g	80	9.514723	1.810215	2.195618
YALI0_E18964g	18097	2152.824463	409.583740	496.785858
YALI0_E32461g	12403	507.971619	96.643707	117.219543
YALI0_A17578g	1935	52.767418	10.039219	12.176610
YALI0_C09460g	8637	421.997101	80.286690	97.380058
YALI0_C12056g	1632	71.876961	13.674889	16.586329
YALI0_D26191g	3807	194.175735	36.942734	44.807995
YALI0_C02937g	4533	539.241455	102.592918	124.435379
EFYLIG00000000003	3	2.303243	0.438202	0.531496
YALI0_F16357g	2083	154.418518	29.378761	35.633621
YALI0_F13233g	375	61.268608	11.656606	14.138346
YALI0_B02409g	14277	5790.916016	1101.745728	1336.311890
YALI0_C00759g	9781	385.582733	73.358711	88.977081
YALI0_A08063g	10305	792.061646	150.693008	182.776169
YALI0_F20152g	41	3.722522	0.708225	0.859009
YALI0_F28589g	760	56.166302	10.685871	12.960937
YALI0_D04895g	1848	314.222198	59.782070	72.509926
YALI0_F21549g	676	59.401218	11.301328	13.707427
YALI0_C14872g	944	31.717897	6.034461	7.319223
YALI0_A19228g	329	24.288742	4.621034	5.604871
YALI0_B05786g	2969	454.248474	86.422646	104.822388
YALI0_B02948g	8659	730.563965	138.992813	168.584961
YALI0_A12529r	0	0.000000	0.000000	0.000000
YALI0_C11275g	4	0.748603	0.142425	0.172748
YALI0_D12837g	465	66.567368	12.664717	15.361088
YALI0_E34815g	5633	186.472305	35.477127	43.030354
YALI0_F27071g	95157	8069.495605	1535.254883	1862.117065
YALI0_E31361g	2247	206.664841	39.318840	47.689987
EFYLIG00000000175	0	0.0	0.0	0.0
YALI0_D17776g	1274	107.985725	20.544731	24.918789
YALI0_F20636g	1842	33.583786	6.389454	7.749796
YALI0_E12947g	340	34.028770	6.474114	7.852480
YALI0_F06446g	20469	1004.505920	191.111404	231.799805
YALI0_E10087g	8696	611.180908	116.279701	141.036133
YALI0_C10032g	1517	77.692543	14.781327	17.928333
ENSRNA049653792	0	0.0	0.0	0.0
YALI0_D19910g	7794	776.276123	147.689743	179.133499
YALI0_E34852g	2683	449.376465	85.495728	103.698128
YALI0_D17644g	63	16.320312	3.105007	3.766076
YALI0_D15510g	9837	1249.723267	237.765030	288.386169
YALI0_B01782g	3530	271.258759	51.608101	62.595676
YALI0_F24255g	9098	1168.982178	222.403687	269.754364
YALI0_B16918g	4646	164.121719	31.224836	37.872730
YALI0_A05819r	0	0.000000	0.000000	0.000000
YALI0_F10527g	1085	221.307068	42.104584	51.068825
YALI0_F02321g	3117	174.606216	33.219555	40.292137
YALI0_D10351r	0	0.000000	0.000000	0.000000
YALI0_F13563r	3	4.180555	0.795368	0.964705
YALI0_D24860g	2546	173.125931	32.937923	39.950546
EFYLIG00000000621	0	0.000000	0.000000	0.000000
YALI0_B01936r	0	0.0	0.0	0.0
YALI0_B17006g	1922	74.201454	14.117134	17.122730
YALI0_F03454g	18686	680.834778	129.531631	157.109451
YALI0_B12518g	7332	730.283081	138.939377	168.520142
YALI0_F30679g	1971	157.541565	29.972935	36.354298
ENSRNA049654556	2	2.222222	0.422787	0.512800
EFYLIG00000000380	0	0.0	0.0	0.0
YALI0_A14520g	362	27.501881	5.232347	6.346334
YALI0_B04246g	1374	319.013794	60.693691	73.615631
YALI0_E15906g	1839	389.329132	74.071480	89.841599
YALI0_B04884g	141	13.659883	2.621831	3.180030
YALI0_B20724g	2380	69.130569	13.152376	15.952572
YALI0_C13596g	2527	333.559479	63.461067	76.972198
YALI0_E09515g	21	5.863768	1.115606	1.353123
YALI0_D04114g	1637	44.639385	8.492827	10.300985
YALI0_E16500g	1815	330.277466	62.836651	76.214836
YALI0_F23903g	5821	362.200256	68.910095	83.581337
YALI0_D18876g	58	3.590317	0.683073	0.828502
YALI0_D26554g	7250	613.236206	116.670723	141.510406
ENSRNA049673231	0	0.0	0.0	0.0
YALI0_F20240g	1223	189.600616	36.072300	43.752243
YALI0_A08217g	4	0.382857	0.072840	0.088348
YALI0_B03300g	222	17.046530	3.243173	3.933658
YALI0_D14344g	6601	728.609863	138.621033	168.134033
YALI0_A07799g	1446	409.030823	77.819801	94.387962
YALI0_A18084r	0	0.0	0.0	0.0
YALI0_B08800g	1042	77.952591	14.830803	17.988342
YALI0_B20988g	1743	223.098862	42.445480	51.482300
YALI0_A06105g	0	0.0	0.0	0.0
YALI0_B12122g	1932	532.953491	101.396606	122.984367
YALI0_A08283r	0	0.0	0.0	0.0
YALI0_A01452g	10946	3577.692627	680.670776	825.588440
YALI0_F21967g	15905	433.919495	82.554977	100.131271
YALI0_B12430g	3469	318.172577	60.533646	73.421509
YALI0_D25850g	2363	112.956436	21.490429	26.065830
YALI0_C02519g	369	22.152382	4.214582	5.111884
EFYLIG00000000599	54	68.935898	13.115340	15.907649
YALI0_C01815r	0	0.0	0.0	0.0
YALI0_B17270g	14	0.824009	0.156771	0.190148
YALI0_E00154g	17547	744.001709	141.549393	171.685852
YALI0_F22605g	373	90.990341	17.311289	20.996935
YALI0_E32736g	6249	1029.420044	213.421341	258.859619
YALI0_F17556g	2604	534.378052	101.667633	123.313095
EFYLIG00000000535	1	0.690961	0.131458	0.159446
YALI0_E27786g	14133	1325.346313	252.152618	305.836945
YALI0_C15829g	921	271.745605	51.700726	62.708023
YALI0_E33055g	286	35.040146	6.666533	8.085864
YALI0_A16060g	19707	1362.310059	259.185120	314.366699
YALI0_F28039g	2713	175.942200	33.473732	40.600426
YALI0_A03399g	3849	189.125534	35.981918	43.642612
YALI0_D22682g	3177	113.058136	21.509777	26.089298
EFYLIG00000000339	2	1.349594	0.256766	0.311432
YALI0_C18481g	366	223.636368	42.547745	51.606335
YALI0_F23507g	7583	371.030029	70.589996	85.618896
YALI0_C12232g	4901	374.135284	71.180786	86.335472
EFYLIG00000000395	7	8.488702	1.615011	1.958853
YALI0_E12287g	592	53.971092	10.268224	12.454370
YALI0_C09548g	1747	423.038361	80.484795	97.620346
ENSRNA049655783	1	0.897727	0.170796	0.207160
YALI0_B14619g	802	37.157482	7.069365	8.574462
YALI0_C18975g	55	10.658959	2.027911	2.459662
YALI0_F26499g	2008	58.780006	11.183140	13.564076
YALI0_C00385g	434	30.196688	5.745045	6.968188
YALI0_C03718g	571	64.680138	12.305663	14.925590
YALI0_A13937g	10	1.652778	0.314448	0.381395
YALI0_E21846g	4379	304.592987	57.950073	70.287888
YALI0_A11157g	10266	781.930603	148.765533	180.438324
YALI0_F00418g	481	38.270142	8.312004	10.081665
YALI0_E20735g	5217	487.875916	92.820412	112.582253
YALI0_A11759g	18	0.974731	0.185447	0.224929
YALI0_F03003g	341	34.607250	6.584173	7.985970
EFYLIG00000000177	2	2.086957	0.397052	0.481586
YALI0_E23452g	1170	77.020874	14.653540	17.773338
YALI0_B22858g	5641	147.777435	28.115269	34.101128
YALI0_E23386g	1713	297.201019	56.543720	68.582115
YALI0_B12254g	38	5.639881	1.073011	1.301459
YALI0_F10923g	3225	200.691925	38.182468	46.311672
YALI0_D03201r	0	0.0	0.0	0.0
YALI0_E04598g	8969	1202.958862	228.867905	277.594818
YALI0_E08492g	29	2.389844	0.454678	0.551480
YALI0_D17292g	682	234.074829	44.533707	54.015114
EFYLIG00000000421	0	0.0	0.0	0.0
YALI0_A16907r	0	0.0	0.0	0.0
YALI0_F12969g	4763	193.185944	36.754425	44.579590
YALI0_E21868g	14220	1164.790771	221.606247	268.787140
YALI0_E04488g	822	84.272354	16.033165	19.446690
YALI0_B14245g	5926	268.853546	51.150497	62.040649
YALI0_D19305r	0	0.0	0.0	0.0
YALI0_F08701g	11265	992.769653	188.878540	229.091553
YALI0_B14751g	3055	100.433922	19.107969	23.176134
YALI0_B02398g	88	3.657557	0.695865	0.844018
YALI0_F11033g	4667	101.091614	27.932539	33.879494
YALI0_A03575g	965	306.411957	58.296143	70.707634
YALI0_F17490g	13001	1514.531738	288.145935	349.493378
ENSRNA049650641	12	12.390625	2.357368	2.859261
YALI0_F28831g	3140	114.755341	21.832678	26.480946
YALI0_E27533g	1229	120.619049	22.948273	27.834055
YALI0_B14487g	31474	2499.069092	475.458221	576.685242
YALI0_C00825g	241	17.058369	3.245425	3.936389
YALI0_F07128g	138	11.471463	2.182493	2.647155
EFYLIG00000000020	1	1.000000	0.190254	0.230760
YALI0_E10879g	1187	71.061676	13.519777	16.398195
YALI0_E12397g	939	102.917480	19.580477	23.749241
YALI0_B04950g	11703	1790.903076	340.726715	413.268829
YALI0_B20812g	503	34.602589	6.583286	7.984894
YALI0_A15169g	26	1.871520	0.356064	0.431872
YALI0_D05929g	1641	221.756363	42.190063	51.172504
YALI0_D07216g	1539	470.796967	89.571068	108.641121
YALI0_F07150r	0	0.0	0.0	0.0
YALI0_B22110g	5341	285.385712	54.295815	65.855614
YALI0_B09537g	3115	186.226761	35.430408	42.973694
ENSRNA049672297	0	0.0	0.0	0.0
YALI0_D07238g	1400	122.389610	23.285130	28.242628
YALI0_D26367g	12681	918.116821	174.675522	211.864655
YALI0_B14597g	14490	336.424347	64.006119	77.633293
YALI0_E23826g	1236	53.113667	10.105095	12.256512
YALI0_D02849g	2817	548.080933	104.274666	126.475174
YALI0_C12408g	95	23.502451	4.471438	5.423426
YALI0_B10758g	4083	433.531006	82.481064	100.041626
YALI0_A04653g	920	60.789127	11.565383	14.027700
YALI0_E19789g	272	58.282379	11.088463	13.449244
YALI0_D04840r	1	0.093538	0.017796	0.021585
YALI0_B05258g	15158	672.328918	127.913353	155.146637
YALI0_A06754r	0	0.0	0.0	0.0
YALI0_B04026g	4893	725.607910	138.049911	167.441299
YALI0_A07601g	837	39.164116	7.451135	9.037513
ENSRNA049672676	1	0.132560	0.025220	0.030590
ENSRNA049656137	0	0.0	0.0	0.0
ENSRNA049651152	0	0.0	0.0	0.0
YALI0_B05984r	12	15.694445	2.985933	3.621650
YALI0_F12353g	993	126.611115	24.088287	29.216784
YALI0_A09317g	17072	219.196091	41.702965	50.581696
YALI0_A01826g	1273	69.758415	13.271828	16.097454
ENSRNA049655720	9	9.375000	1.783632	2.163375
YALI0_B18656g	280	57.396343	10.919891	13.244781
YALI0_D18722g	4511	572.924561	250.009384	303.237396
YALI0_B22066g	152215	5588.400391	1063.216309	1289.579468
YALI0_D16819g	177	17.441177	3.318256	4.024727
YALI0_A06996g	1484	136.813705	26.029373	31.571136
YALI0_B11330g	18622	1393.149658	265.052460	321.483246
ENSRNA049672192	0	0.0	0.0	0.0
YALI0_F14377g	2838	203.681595	38.751266	47.001572
ENSRNA049651513	0	0.0	0.0	0.0
YALI0_C16797g	72159	4575.024414	870.417358	1055.732788
YALI0_C23661g	55	4.023965	0.765576	0.928570
YALI0_D06952g	1608	70.356743	13.385662	16.235523
YALI0_D25652g	752	121.625000	23.139660	28.066189
EFYLIG00000000362	0	0.0	0.0	0.0
YALI0_C16544g	0	0.0	0.0	0.0
YALI0_F27731g	5953	575.841980	109.556313	132.881317
YALI0_D11660g	1437	142.666672	27.142925	32.921764
YALI0_B17160g	399	48.801212	9.284632	11.261369
YALI0_F30789g	441	73.437294	13.971748	16.946392
YALI0_F27775g	2226	63.347141	12.052056	14.617988
YALI0_F31911g	30337	1397.175537	265.818420	322.412262
YALI0_A21439g	52226	4713.826660	896.825012	1087.762817
ENSRNA049671931	0	0.0	0.0	0.0
ENSRNA049670404	129399	59950.675781	11405.864258	13834.218750
YALI0_D19778g	5153	132.010910	25.115622	30.462841
ENSRNA049669976	0	0.000000	0.000000	0.000000
YALI0_D21626g	1204	382.194977	72.714172	88.195320
YALI0_D17930g	19484	1744.493774	331.897156	402.559448
YALI0_F20702g	44138	3761.924072	715.721558	868.101685
YALI0_E27720g	4026	223.627609	42.546078	51.604313
YALI0_E01518g	11726	1897.892578	361.081909	437.957733
YALI0_B01672g	1576	123.335655	23.465118	28.460939
YALI0_E20581g	10369	2958.177979	562.805542	682.629211
YALI0_B17688g	2939	265.252899	50.465462	61.209766
YALI0_E25982g	29854	1918.062988	364.919403	442.612274
YALI0_E19096r	0	0.0	0.0	0.0
YALI0_B06666g	20	1.677473	0.319146	0.387094
YALI0_C08206g	520	37.520744	7.138477	8.658288
YALI0_C16709g	3537	87.214897	16.592995	20.125711
YALI0_D21450g	364	53.964756	10.267017	12.452909
YALI0_A00440g	2253	433.243805	82.426430	99.975349
YALI0_B11836g	3800	161.715134	30.766972	37.317390
EFYLIG00000000614	0	0.000000	0.000000	0.000000
YALI0_C20823g	84	3.189506	0.606817	0.736010
YALI0_E07535g	1989	215.289383	40.959694	49.680183
YALI0_F01771g	1728	618.879456	117.744377	142.812637
YALI0_D04202g	9610	633.123962	120.454453	146.099701
YALI0_B11022g	674	238.845612	45.441364	55.116020
YALI0_B07711g	498	67.796219	12.898511	15.644656
YALI0_E24739g	4251	169.162323	32.183830	39.035900
YALI0_D19734g	4404	1001.797241	190.596069	231.174759
YALI0_F23375g	3684	222.229385	42.280060	51.281662
YALI0_E22440g	39	4.986005	0.948608	1.150571
YALI0_E15488g	26005	1823.960449	347.016022	420.897156
YALI0_C01155g	717	84.305359	16.039444	19.454308
YALI0_E15598g	2066	96.844475	18.425062	22.347834
YALI0_F04400g	426	106.932838	20.344416	24.675825
YALI0_E26851g	4124	470.555939	89.525215	108.585503
YALI0_C04389g	3069	411.532532	78.295761	94.965263
YALI0_B08987g	4350	697.349182	132.673569	160.920319
YALI0_B15103g	18672	3633.554932	691.298828	838.479248
YALI0_E13860g	33	2.872471	0.546499	0.662851
YALI0_B14509g	24707	2149.304932	408.914154	495.973633
YALI0_D01892g	4561	298.156647	56.725536	68.802635
YALI0_A03531g	282	22.607002	4.301075	5.216793
YALI0_B15928r	0	0.0	0.0	0.0
YALI0_B19008g	196	12.387218	2.356719	2.858475
YALI0_E23320g	26	5.878161	1.118344	1.356445
YALI0_C05060g	1165	65.875626	12.533110	15.201461
YALI0_C01001g	561	96.721367	18.401640	22.319426
YALI0_B05676g	3331	195.316498	37.159771	45.071239
YALI0_E21065g	1455	218.647324	41.598560	50.455063
YALI0_C11429g	2592	186.393890	35.462208	43.012257
YALI0_C18733g	167	50.477478	9.603549	11.648185
YALI0_E12309g	47	3.456763	0.657663	0.797683
YALI0_A20273g	740	35.753830	6.802314	8.250554
YALI0_B15950g	2923	192.953598	36.710220	44.525978
YALI0_E08954g	919	203.353073	38.688763	46.925758
YALI0_C16456g	4913	1173.033081	223.174393	270.689148
YALI0_D23177g	5331	292.736816	55.694393	67.551956
YALI0_C20383g	6	1.573209	0.299310	0.363034
YALI0_B10263g	486	38.446274	7.314562	8.871862
YALI0_E15752g	13	13.281250	2.526813	3.064782
YALI0_E34727g	593	21.990078	4.183703	5.074431
YALI0_F12518r	1	0.543317	0.103368	0.125376
YALI0_F15411g	14889	1182.165894	224.911957	272.796631
YALI0_B18942g	297	8.292846	1.577748	1.913657
YALI0_D20394g	3897	245.226166	46.655293	56.588394
YALI0_F26730r	5	3.894958	0.741032	0.898801
YALI0_A12375r	0	0.0	0.0	0.0
YALI0_A19514g	11153	640.704773	121.896736	147.849045
YALI0_C17545g	14127	1157.124146	220.147659	267.017975
YALI0_E28622g	1812	84.683334	16.111355	19.541529
YALI0_F31669g	1575	233.453751	44.415543	53.871792
YALI0_A17941g	7699	420.066986	79.919479	96.934669
YALI0_A12683g	68	8.219013	1.563701	1.896620
YALI0_F02046g	35652	13189.882812	2509.429688	3043.697754
YALI0_D06589g	2138	142.187088	27.051682	32.811096
YALI0_C19239g	1265	105.908791	20.149586	24.439516
YALI0_C18117g	1985	108.463745	20.635675	25.029097
YALI0_C06347g	6431	397.984680	75.718231	91.838951
YALI0_A04279g	0	0.0	0.0	0.0
YALI0_E00550g	21897	5265.507812	1001.784607	1215.068726
EFYLIG00000000235	1	0.555556	0.105697	0.128200
YALI0_E13662g	1609	155.564178	29.596729	35.897995
YALI0_E26059g	135	12.539815	2.385752	2.893688
YALI0_E06391g	664	47.547516	9.046111	10.972066
YALI0_F04246r	0	0.0	0.0	0.0
ENSRNA049670347	31	33.217392	6.319746	7.665246
ENSRNA049650898	0	0.0	0.0	0.0
YALI0_B20438g	1806	199.310379	37.919624	45.992870
YALI0_F12133g	2608	528.767090	100.600128	122.018311
YALI0_B01870g	2294	124.540863	23.694414	28.739054
YALI0_E05181g	594	144.731888	27.535839	33.398335
YALI0_D02024g	934	50.219910	9.554545	11.588747
YALI0_B20416g	7757	813.458984	154.763931	187.713821
YALI0_B12980g	4084	93.330612	17.756535	21.536976
YALI0_E02970r	0	0.0	0.0	0.0
YALI0_E15125g	9565	779.665039	148.334488	179.915527
ENSRNA049655310	0	0.0	0.0	0.0
YALI0_D20746r	0	0.0	0.0	0.0
YALI0_A06127r	0	0.0	0.0	0.0
YALI0_E30371g	1065	156.506546	29.776016	36.115456
YALI0_F11847g	17772	816.241943	155.293411	188.356003
YALI0_C13376r	0	0.0	0.0	0.0
EFYLIG00000000406	0	0.0	0.0	0.0
YALI0_E11671g	5802	784.467224	149.248138	181.023666
YALI0_D03641g	3924	512.034912	97.416756	118.157188
YALI0_B21010g	351	21.127609	4.019615	4.875408
YALI0_F17908g	2314	161.585068	30.742228	37.287376
YALI0_E24123g	572	58.304039	11.092585	13.454242
YALI0_F26156g	692	280.289154	53.326168	64.679535
YALI0_F08158r	0	0.0	0.0	0.0
YALI0_A03355r	0	0.0	0.0	0.0
YALI0_F13387g	932	99.559792	18.941662	22.974421
YALI0_F31713g	1383	66.509521	12.653711	15.347738
YALI0_E21307g	463	31.500675	5.993134	7.269097
YALI0_F28545g	15094	1126.695435	214.358459	259.996277
YALI0_A04719g	128	50.050388	9.522293	11.549629
YALI0_C06644g	895	44.355774	8.502083	10.312211
YALI0_B18502g	2702	481.255737	91.560898	111.054588
YALI0_A03025g	7240	754.603760	143.566498	174.132385
YALI0_B21318g	70131	4396.744141	836.498779	1014.592773
YALI0_F14355g	2476	313.355896	59.617256	72.310013
EFYLIG00000000637	0	0.0	0.0	0.0
YALI0_A17600g	577	57.401382	10.920850	13.245945
YALI0_E26675r	0	0.0	0.0	0.0
YALI0_D01914g	3827	224.062607	42.628838	51.704693
YALI0_B13816g	1599	103.516029	19.694353	23.887362
YALI0_C06776g	15649	1075.183716	204.558151	248.109421
YALI0_F30041g	180	6.843137	1.301935	1.579122
YALI0_B13838g	3227	204.206772	38.851181	47.122761
YALI0_C11297g	17	1.048689	0.199517	0.241995
YALI0_A09790g	2266	201.289352	38.296131	46.449539
YALI0_C19338g	7344	1025.812012	195.164978	236.716415
YALI0_B21494g	690	47.990356	9.130364	11.074256
YALI0_C12364g	4514	550.556763	104.745705	127.046486
YALI0_C19316g	1296	60.979630	11.601626	14.071660
YALI0_D03421r	0	0.000000	0.000000	0.000000
YALI0_C08140g	10045	941.951721	179.210220	217.364807
YALI0_F04059g	16400	1195.041260	227.361542	275.767761
YALI0_F00110g	45	7.156398	1.361534	1.651411
YALI0_D15422g	4075	253.581635	48.244957	58.516502
EFYLIG00000000521	0	0.0	0.0	0.0
YALI0_F25157g	486	43.136322	8.206864	9.954139
YALI0_F06006g	2853	143.542099	27.309477	33.123779
YALI0_F27313g	5419	704.292175	133.994507	162.522476
YALI0_B07161g	947	104.094772	19.804461	24.020914
YALI0_E14102g	513	31.984539	6.085191	7.380753
ENSRNA049655630	0	0.0	0.0	0.0
YALI0_B03520g	8040	347.465973	66.106842	80.181259
YALI0_B17446g	3835	787.191040	149.766357	181.652222
ENSRNA049654742	0	0.0	0.0	0.0
YALI0_B00220g	26246	2129.147705	405.079163	491.322174
YALI0_D08558g	6713	355.350098	67.606827	82.000603
YALI0_D16181g	38	9.906250	1.884705	2.285966
YALI0_E31130g	314	12.414998	2.362005	2.864885
YALI0_E21604g	2797	162.896774	30.991785	37.590061
YALI0_A21395g	87	8.150749	1.550714	1.880867
YALI0_F31273g	1213	187.214066	35.618252	43.201523
YALI0_F21637g	793	52.637737	10.014547	12.146686
YALI0_F18700g	1023	344.089996	65.464546	79.402214
YALI0_E02376g	510	27.206348	5.176120	6.278138
YALI0_F07491g	1961	94.665070	18.722454	22.708542
YALI0_C04433g	9316	724.327209	137.806244	167.145767
YALI0_F19668g	2044	382.237030	72.722176	88.205025
YALI0_A17127g	46416	994.060669	189.124146	229.389465
YALI0_C13970g	108	5.494689	1.045387	1.267955
YALI0_C05346g	3414	237.942719	45.269585	54.907669
ENSRNA049653337	4	5.000000	0.951271	1.153800
YALI0_D22825g	16782	458.203583	87.175125	105.735069
YALI0_C06215g	3682	441.041504	83.909973	101.774750
YALI0_A08404g	383	22.818558	4.341325	5.265611
YALI0_F21483g	1225	140.181412	26.670092	32.348267
ENSRNA049655700	0	0.0	0.0	0.0
YALI0_A06061g	414	31.877956	6.064913	7.356158
YALI0_F31163g	1402	285.872742	54.388474	65.968002
YALI0_A06226r	0	0.0	0.0	0.0
EFYLIG00000000499	0	0.000000	0.000000	0.000000
YALI0_F10395r	0	0.000000	0.000000	0.000000
YALI0_C05368g	12169	420.174713	79.939980	96.959526
YALI0_F22187g	7190	987.964722	187.964371	227.982773
EFYLIG00000000212	0	0.0	0.0	0.0
YALI0_E20097g	1279	1024.500000	194.915359	236.413635
YALI0_B01540g	680	155.192307	49.951546	60.586437
YALI0_E31603g	229	17.075386	3.248663	3.940316
YALI0_E22979g	11359	643.799683	122.485558	148.563232
YALI0_B20350g	112	9.964633	1.895813	2.299439
YALI0_E06259r	0	0.0	0.0	0.0
YALI0_B13904g	11693	207.507111	39.479088	47.884346
EFYLIG00000000441	1	0.062786	0.011945	0.014488
YALI0_F19646g	5	0.340545	0.064790	0.078584
YALI0_C16412g	9160	891.195557	169.553635	205.652313
YALI0_C12749g	2691	171.228104	32.576855	39.512600
YALI0_A21285g	868	66.676559	12.685492	15.386285
YALI0_E33077g	8132	1479.700928	281.519226	341.455811
YALI0_D00781g	982	124.748428	23.733906	28.786951
YALI0_C07722g	34	2.027827	0.385802	0.467941
YALI0_C11011g	4167	910.943726	173.310806	210.209396
YALI0_A03993g	138	24.802139	4.718710	5.723342
EFYLIG00000000166	0	0.0	0.0	0.0
YALI0_D10197r	0	0.0	0.0	0.0
YALI0_E23045g	8155	897.217834	170.699402	207.042023
YALI0_B18128g	1317	151.802505	28.881056	35.029953
YALI0_E14443g	6586	500.476288	95.217682	115.489922
ENSRNA049658880	0	0.0	0.0	0.0
YALI0_F06314g	12885	1721.408691	327.505127	397.232300
YALI0_C10384r	0	0.0	0.0	0.0
YALI0_E31999g	86	23.905556	4.548131	5.516447
YALI0_B17468g	2245	149.625076	28.466789	34.527485
YALI0_B10868r	0	0.0	0.0	0.0
YALI0_F00099r	1	0.084874	0.016148	0.019586
YALI0_D10725g	3666	1355.978027	257.980408	312.905518
EFYLIG00000000371	0	0.0	0.0	0.0
YALI0_E25234r	1	1.000000	0.190254	0.230760
YALI0_C23496g	3477	775.051147	147.456680	178.850815
YALI0_C17875g	81	11.496454	2.187248	2.652922
YALI0_D09581r	1	0.059040	0.011233	0.013624
YALI0_A16104r	0	0.0	0.0	0.0
YALI0_E17603r	29	10.122432	1.925834	2.335853
YALI0_A01045g	3462	313.232971	59.593868	72.281647
YALI0_C18623g	8299	300.393921	57.151188	69.318909
ENSRNA049654195	0	0.0	0.0	0.0
YALI0_F12639g	44028	951.994446	181.120880	219.682266
YALI0_F32021g	3868	334.746368	63.686878	77.246078
YALI0_F12419r	0	0.0	0.0	0.0
YALI0_B07271g	171	72.873260	13.864440	16.816236
YALI0_B14949g	9294	190.554810	36.253841	43.972435
YALI0_C10802g	1969	298.582550	56.806564	68.900917
YALI0_C04796g	7345	415.562439	79.062469	95.895195
YALI0_A00979g	5753	400.959961	76.284294	92.525536
YALI0_D21648g	3072	229.780746	43.716740	53.024212
YALI0_E24629g	2512	79.907059	15.202649	18.439354
YALI0_F00858g	7383	568.779541	108.212662	131.251572
YALI0_D19624g	1090	186.209808	35.427185	42.969780
YALI0_B22418g	14215	909.828918	173.098724	209.952148
YALI0_C12100g	227	12.012599	2.285447	2.772028
YALI0_C23727g	187	15.350491	2.920494	3.542280
YALI0_E03784g	3832	408.255249	77.672249	94.208992
YALI0_C09031g	4854	121.221313	23.062857	27.973034
YALI0_A12947r	1	0.472222	0.089842	0.108970
YALI0_B08184g	18940	1112.778320	211.710678	256.784760
YALI0_B01144g	359	77.937637	14.827958	17.984892
YALI0_C24101g	126621	3576.245605	680.395508	825.254517
YALI0_E33473g	9057	319.616364	60.808334	73.754677
YALI0_F15851g	2153	139.350647	26.512039	32.156559
YALI0_E17765g	4041	319.356812	60.758953	73.694786
YALI0_E15180g	2021	356.230377	67.774300	82.203728
YALI0_D26664g	558	96.199997	18.302448	22.199114
YALI0_F14135g	1627	176.637634	33.606041	40.760906
YALI0_E06479g	191180	9260.973633	1761.938599	2137.062500
ENSRNA049671980	0	0.000000	0.000000	0.000000
YALI0_C00539g	39556	2113.807373	402.160583	487.782227
YALI0_B17842g	2110	64.375038	12.247617	14.855186
YALI0_D13640g	8760	513.788025	97.750298	118.561737
YALI0_D11704g	25297	1669.918335	317.708862	385.350403
YALI0_B04048g	3037	370.374390	70.465256	85.467606
YALI0_C10098g	2752	475.073517	90.384697	109.627975
YALI0_A01848g	54	5.492401	1.044952	1.267427
YALI0_A20900g	431	23.284645	4.430000	5.373166
YALI0_A08888g	29	7.771505	1.478561	1.793353
YALI0_D21362g	12467	721.120850	137.196228	166.405869
YALI0_E16929g	25332	1903.595215	362.166870	439.273682
YALI0_C17831g	1693	115.786583	22.028875	26.718916
YALI0_E12529g	132	22.980904	4.372212	5.303074
YALI0_E20493g	2816	348.535553	66.310333	80.428070
YALI0_E19250g	488	31.712999	6.033529	7.318093
YALI0_B18612g	885	61.757954	11.749705	14.251266
YALI0_F14223g	34525	3141.378418	597.660278	724.904541
EFYLIG00000000506	0	0.0	0.0	0.0
YALI0_D09185g	294	24.368725	4.636250	5.623327
YALI0_F27621g	2468	269.740265	51.319199	62.245270
YALI0_C01716g	8963	813.346802	154.742584	187.687927
YALI0_D06974g	1879	244.182739	46.456776	56.347614
YALI0_E22715g	2860	195.253555	37.147797	45.056713
YALI0_D25674g	1488	65.038094	12.373766	15.008192
YALI0_E28237g	4968	372.435028	70.857307	85.943123
YALI0_B20856g	31313	2257.391846	429.478149	520.915833
YALI0_E13728g	220	33.176384	6.311944	7.655783
YALI0_C01738g	11647	897.219666	170.699753	207.042435
YALI0_E20009g	1655	136.852585	26.036770	31.580107
EFYLIG00000000640	1	0.987952	0.187962	0.227980
YALI0_F25883g	6855	2218.849365	422.145294	512.021729
YALI0_A02200g	3173	141.277771	26.878681	32.601265
YALI0_F12089g	9310	203.128326	38.646004	46.873898
YALI0_B00286g	2327	135.067810	25.697210	31.168251
YALI0_D03333g	10055	398.250580	75.768822	91.900314
YALI0_D25366g	42	4.661074	0.886789	1.075590
YALI0_E08969g	431	9.969301	1.896701	2.300516
YALI0_F08239r	0	0.0	0.0	0.0
YALI0_E05819g	10294	214.299469	40.865650	49.566116
EFYLIG00000000357	0	0.0	0.0	0.0
EFYLIG00000000503	0	0.0	0.0	0.0
YALI0_A09614g	9	0.947603	0.180285	0.218669
YALI0_D00869g	216	15.188285	2.889634	3.504849
YALI0_E16390g	145	40.408333	7.687853	9.324628
YALI0_B02090g	173	6.567761	1.249544	1.515577
YALI0_E07051g	3366	249.021240	47.377319	57.464149
YALI0_B19976g	21	1.840502	0.350163	0.424714
YALI0_F26125g	1622	258.740906	49.226528	59.707058
YALI0_D24849g	140	52.003704	9.893920	12.000376
YALI0_E16280g	3783	195.927689	37.276054	45.212280
YALI0_F25729g	5642	744.780396	141.697556	171.865555
YALI0_B17710g	2446	848.804138	161.488495	195.870071
YALI0_A06457g	105	22.397028	4.261127	5.168339
YALI0_A12067g	2113	343.557159	65.363167	79.279259
YALI0_E29337g	4650	269.912659	51.351997	62.285053
YALI0_B15576g	3044	108.324875	20.609255	24.997049
YALI0_D23155g	2179	398.574280	75.830406	91.975006
YALI0_D26235g	833	32.542004	6.191251	7.509394
YALI0_E18788g	1557	236.048050	44.909119	54.470455
YALI0_D23001g	2308	87.182938	16.586914	20.118336
YALI0_C21978g	187	16.130249	3.068846	3.722217
YALI0_C09526g	6361	551.902893	105.001808	127.357132
YALI0_A10230g	5972	306.918579	58.392532	70.824539
YALI0_E21263r	0	0.0	0.0	0.0
YALI0_E20801g	538	115.256897	21.928101	26.596684
YALI0_B00396g	256	14.803449	2.816417	3.416044
YALI0_F13013g	147470	14024.906250	2668.296387	3236.387939
YALI0_C01177g	3284	402.006073	76.483322	92.766930
YALI0_E21527g	196	21.938889	4.173965	5.062618
YALI0_F16247r	0	0.000000	0.000000	0.000000
YALI0_A07865g	1817	399.699341	76.044456	92.234627
YALI0_E23474g	7022	459.887817	87.495560	106.123726
YALI0_B13310g	27824	1666.759766	317.107941	384.621521
YALI0_F23947g	1364	130.033997	24.739506	30.006649
YALI0_C11209g	1629	480.812866	91.476631	110.952385
YALI0_E20625g	4633	678.110168	129.013260	156.480713
YALI0_B16566g	305	36.489918	7.483897	9.077250
ENSRNA049654818	0	0.0	0.0	0.0
YALI0_F08569g	27492	4386.492676	834.548401	1012.227234
YALI0_C22044g	499	25.521276	4.855528	5.889290
YALI0_C17039g	429	108.476189	20.638042	25.031969
YALI0_F17512g	1418	367.041016	69.831070	84.698395
YALI0_B18810g	5560	158.357864	30.128239	36.542667
YALI0_B03124g	19380	2528.812744	481.117065	583.548889
YALI0_B11572g	1462	184.959900	35.189384	42.681351
ENSRNA049652730	17	17.656250	3.359175	4.074357
YALI0_F07315g	4658	433.135345	82.405792	99.950325
YALI0_D22462g	245	19.477882	3.705748	4.494717
YALI0_F21087g	902	319.414032	60.769844	73.707985
YALI0_F15059g	134	14.052247	2.673498	3.242697
YALI0_D04422g	26539	1235.781006	235.112457	285.168854
ENSRNA049656981	0	0.0	0.0	0.0
YALI0_E10549g	2784	143.515564	27.304430	33.117657
YALI0_C21934g	1930	270.719452	51.505497	62.471230
YALI0_D08008r	0	0.0	0.0	0.0
YALI0_F27159g	3742	218.713547	41.611156	50.470345
YALI0_A15378g	6	1.119342	0.212959	0.258299
YALI0_E04532g	4684	396.159119	75.370911	91.417686
YALI0_C04587g	13461	687.657532	130.829681	158.683868
YALI0_E06611g	1057	65.507675	12.463106	15.116553
EFYLIG00000000185	3	3.000000	0.570762	0.692280
ENSRNA049670165	0	0.0	0.0	0.0
YALI0_B02332g	36825	1211.900635	230.569107	279.658234
YALI0_C17589g	1488	128.736938	24.492735	29.707338
YALI0_C20251g	11517	1143.711914	217.595917	263.922974
YALI0_E03674g	6892	305.299561	58.084503	70.450935
YALI0_A06765g	12614	1596.402222	303.722107	368.385803
YALI0_D10021g	160	9.890319	1.881674	2.282290
YALI0_E31772g	1600	1016.213806	193.338882	234.501526
YALI0_E08866g	4648	176.320435	33.721592	40.901058
EFYLIG00000000035	1	0.277691	0.052832	0.064080
YALI0_A02453g	7522	331.870270	63.139690	76.582390
YALI0_F14069g	2433	255.938538	48.693367	59.060387
YALI0_E12507g	30	3.200000	0.608813	0.738432
YALI0_A11539g	666	23.245504	4.422554	5.364133
YALI0_D06545g	3696	570.717102	108.581291	131.698700
YALI0_A14927g	13	2.177083	0.414199	0.502384
EFYLIG00000000041	4	3.760000	0.715356	0.867658
YALI0_A08492r	0	0.0	0.0	0.0
YALI0_C02761g	131	15.664287	2.980195	3.614691
YALI0_E16907g	3654	216.940033	41.273739	50.061089
YALI0_D20614g	16526	3636.385742	691.837463	839.132507
YALI0_E03366g	606	57.712936	10.980124	13.317839
YALI0_C11715g	1613	95.430580	18.156063	22.021564
YALI0_D05547g	4197	236.726257	49.925858	60.555283
YALI0_F20174g	108	2.723436	0.518145	0.628460
YALI0_F23287g	4089	123.773079	23.548340	28.561878
YALI0_A16207g	1873	53.459583	10.170907	12.336335
YALI0_A07084g	3446	702.937378	133.736740	162.209854
YALI0_A05775g	378	110.388405	21.001850	25.473232
YALI0_E33341g	732	68.234535	12.981902	15.745803
YALI0_D00671g	28	3.572877	0.679755	0.824477
YALI0_F03047g	2215	503.842346	95.858086	116.266670
YALI0_B06787g	72	16.240992	3.089916	3.747772
YALI0_B00968g	3368	227.659302	43.313122	52.534664
YALI0_C14608g	112	20.652014	3.929131	4.765659
YALI0_D18568g	99	5.920974	1.126490	1.366324
YALI0_D07590g	1022	72.885590	13.866785	16.819080
YALI0_C19602g	3845	340.582458	64.797226	78.592819
YALI0_D07018g	8639	908.892700	172.920593	209.736099
YALI0_D07480g	33152	2565.752441	488.145020	592.073059
YALI0_A14806g	31721	2248.278809	427.744354	518.812866
YALI0_B09141g	2521	147.320602	28.028355	33.995708
YALI0_C21186g	1074	23.050171	4.385390	5.319058
YALI0_E07766g	1599	151.579346	28.838596	34.978455
YALI0_A10318g	2888	96.249832	18.311928	22.210613
YALI0_B16742g	1959	252.567047	48.051926	58.282375
YALI0_F27797g	1262	75.595490	14.382355	17.444416
YALI0_F30745g	17045	569.827881	108.412102	131.493500
YALI0_F05302g	719	89.539505	17.035261	20.662138
YALI0_C19800g	33651	1129.519409	214.895737	260.647919
ENSRNA049655526	0	0.0	0.0	0.0
YALI0_C14212r	5	5.675676	1.079821	1.309719
YALI0_C12012g	5376	313.109009	59.570286	72.253044
YALI0_C16731g	643	180.263885	34.295948	41.597698
YALI0_F01210g	6755	797.913452	151.806335	184.126526
YALI0_A18766g	5558	215.553375	41.009922	49.741104
YALI0_F25707g	3357	195.187103	37.135151	45.041382
YALI0_B03036g	769	132.068024	25.126488	30.476021
YALI0_A16192g	8291	606.734863	115.433815	140.010147
YALI0_E17457g	640	70.315903	13.377891	16.226099
YALI0_D18546g	1722	213.813034	40.678814	49.339504
YALI0_C06930g	10710	616.352112	117.263542	142.229431
YALI0_B00946g	15373	1002.970947	190.819366	231.445602
YALI0_E28853g	2035	324.685638	61.772785	74.924461
YALI0_E09823g	876	95.054840	18.084576	21.934856
YALI0_E31405g	5271	269.256958	51.227253	62.133743
YALI0_C20845r	0	0.0	0.0	0.0
YALI0_C05467g	4312	1369.245361	260.504578	315.967072
EFYLIG00000000520	0	0.0	0.0	0.0
YALI0_F06688g	1818	427.850830	81.400391	98.730865
YALI0_F14861g	8105	1251.671265	238.135635	288.835693
YALI0_B14531g	2508	302.577057	57.566536	69.822693
ENSRNA049654411	0	0.0	0.0	0.0
YALI0_A03509g	5313	254.781097	48.473156	58.793293
YALI0_F18524g	1016	156.079132	29.694700	36.016827
EFYLIG00000000559	0	0.0	0.0	0.0
YALI0_F23397g	4543	116.722649	22.314482	27.065329
YALI0_A01353g	1102	49.761074	9.467250	11.482867
YALI0_E22000g	329	25.816978	4.911787	5.957527
YALI0_F20328g	2719	403.236420	76.717400	93.050842
YALI0_E12331g	2453	163.175888	31.044888	37.654472
YALI0_E11759r	0	0.000000	0.000000	0.000000
ENSRNA049652482	0	0.0	0.0	0.0
YALI0_C14542g	593	37.593849	7.152385	8.675158
YALI0_A09471g	21	4.786848	0.910718	1.104613
YALI0_F21879g	1010	89.396492	17.008053	20.629137
YALI0_F17666g	2386	107.229637	20.400881	24.744314
YALI0_D14740g	1353	58.021233	11.038779	13.388981
YALI0_E31280g	132	71.596771	13.621581	16.521671
ENSRNA049653989	0	0.0	0.0	0.0
YALI0_C04345g	1078	137.930298	26.241808	31.828800
YALI0_B10538g	2986	138.617477	26.372547	31.987371
YALI0_D17402g	13949	853.836365	162.445892	197.031296
YALI0_C22748g	12360	1050.759277	199.911301	242.473236
YALI0_B09757g	303	64.768578	12.322490	14.945998
YALI0_C23815g	588	97.502464	18.550247	22.499672
YALI0_C18425g	742	67.295601	12.803267	15.529135
YALI0_B10516g	6340	395.959808	75.332985	91.371696
YALI0_C08591g	4774	218.052246	41.485340	50.317741
YALI0_C08481g	5006	358.584412	68.222168	82.746948
YALI0_E22154r	0	0.0	0.0	0.0
YALI0_C01441g	3903	318.115417	60.522774	73.408325
YALI0_E23969g	13797	1248.603882	237.552063	288.127869
YALI0_F29887g	1001	147.666672	28.094194	34.075565
YALI0_B22990g	93	5.750618	1.094079	1.327013
YALI0_F24321g	3060	288.536896	54.895336	66.582779
YALI0_A16841g	26290	1945.217529	370.085693	448.878448
YALI0_C09680g	8277	540.007080	102.738579	124.612053
YALI0_F18150g	510	160.196259	30.478003	36.966892
YALI0_F02255g	25377	2792.014160	531.192261	644.285217
EFYLIG00000000118	0	0.0	0.0	0.0
YALI0_B19448g	1174	115.167152	21.911026	26.575975
YALI0_E32681g	2320	553.895935	105.380989	127.817039
YALI0_F30173g	691	49.642448	9.444681	11.455493
YALI0_A01389r	1	0.180546	0.034350	0.041663
YALI0_A00528g	13	0.820126	0.156032	0.189252
YALI0_C15345g	921	123.413017	23.479837	28.478790
YALI0_D20504g	692	273.741180	52.080391	63.168522
YALI0_B14289g	1060	41.004597	7.801294	9.462221
YALI0_C03696g	4647	1125.436401	214.118927	259.705750
YALI0_E12617g	46996	2718.515381	517.208801	627.324707
YALI0_F23309g	4014	474.054962	90.190918	109.392937
YALI0_F06160g	16813	3958.289062	753.080811	913.414917
YALI0_A06391r	0	0.0	0.0	0.0
YALI0_A03597g	4785	326.727509	62.161259	75.395653
YALI0_E01422r	339	131.014221	24.925997	30.232845
EFYLIG00000000149	0	0.000000	0.000000	0.000000
YALI0_B21230g	10545	744.241760	141.595078	171.741257
YALI0_F24277g	4101	726.654358	138.249008	167.682770
YALI0_A04521g	9	1.241803	0.236258	0.286558
YALI0_E29601g	1324	436.830078	83.108727	100.802917
YALI0_E18634g	3903	208.546036	39.676746	48.124088
YALI0_E12375g	5322	167.905960	31.944805	38.745987
YALI0_C13640r	0	0.000000	0.000000	0.000000
YALI0_A03245g	1144	70.004242	13.318597	16.154181
YALI0_E06501g	19585	1046.597900	199.119583	241.512955
YALI0_D23705g	5343	239.497559	45.565403	55.266460
YALI0_F04290g	1439	130.545380	24.836798	30.124655
EFYLIG00000000191	0	0.0	0.0	0.0
YALI0_F29161g	2359	226.257355	43.046398	52.211155
YALI0_B14575g	627	96.304413	18.322313	22.223209
YALI0_A03751g	1376	89.915207	17.106739	20.748837
YALI0_E32813g	7221	367.217529	69.864655	84.739128
YALI0_F16599g	17889	793.482239	150.963272	183.103989
YALI0_F16005g	5881	568.912842	108.238022	131.282333
YALI0_E19745g	104678	23033.667969	4382.250488	5315.249512
YALI0_F05170g	1098	94.493607	17.977798	21.805347
YALI0_B08030g	3784	255.277222	48.567547	58.907776
YALI0_D02893g	4480	966.668823	183.912750	223.068512
YALI0_E00660g	1207	79.147499	15.058139	18.264078
YALI0_D20790g	2608	91.932289	17.490498	21.214296
YALI0_F16489g	108649	6295.754883	1197.793335	1452.808472
YALI0_D09333g	905	313.855682	59.712341	72.425346
YALI0_E13552g	85	4.432602	0.843321	1.022867
YALI0_F27709g	17	0.863248	0.164237	0.199203
YALI0_C19019g	14	3.934524	0.748559	0.907931
ENSRNA049657349	2	1.413043	0.268837	0.326074
YALI0_B15147g	4366	208.160522	39.603401	48.035130
YALI0_C16775g	23842	2181.141357	414.971161	503.320221
YALI0_D09911g	8119	541.251526	102.975342	124.899216
YALI0_B06490g	246	13.546447	2.577268	3.125978
YALI0_F31559g	351	122.961807	23.393991	28.374670
YALI0_E18678g	5365	465.441589	88.552185	107.405319
YALI0_A02695g	6433	640.667664	121.889679	147.840485
YALI0_B14080g	3146	293.387817	55.818249	67.702179
YALI0_F04356g	6898	186.830246	35.545227	43.112949
YALI0_D05511g	3798	382.829346	72.834862	88.341705
YALI0_E06127g	194	24.343321	4.631417	5.617465
YALI0_F23771r	0	0.0	0.0	0.0
YALI0_B07315r	0	0.0	0.0	0.0
YALI0_A02423g	163	99.363640	18.904345	22.929155
YALI0_E35222g	35	2.514556	0.478405	0.580259
YALI0_A19096g	257	27.484079	5.228960	6.342227
YALI0_F10307g	719	57.295418	10.900690	13.221492
YALI0_E24541g	559	33.951263	6.459368	7.834595
YALI0_C06303g	6247	576.194519	109.623398	132.962662
YALI0_D19052g	321	106.815178	20.322029	24.648672
YALI0_D09713g	21212	1064.254883	202.478897	245.587494
YALI0_E00440r	0	0.0	0.0	0.0
YALI0_F08327g	41932	10083.418945	1918.412231	2326.850098
YALI0_C09735g	10072	1862.963379	354.436493	429.897461
YALI0_A12782r	0	0.0	0.0	0.0
YALI0_A16467g	285	85.601189	16.285980	19.753334
YALI0_D14058g	7842	1007.595398	191.699188	232.512741
ENSRNA049657059	0	0.0	0.0	0.0
YALI0_B19206g	1480	115.576180	21.988846	26.670361
YALI0_D25784g	2181	182.126556	34.650330	42.027531
YALI0_F20570g	1807	65.196854	12.403972	15.044827
YALI0_D04917g	3215	251.125290	47.777622	57.949680
YALI0_E23133g	1034	186.012482	35.389645	42.924244
ENSRNA049669755	2	1.021003	0.194250	0.235607
YALI0_F02717g	1569	124.707886	30.941177	37.528683
YALI0_C04994r	0	0.000000	0.000000	0.000000
YALI0_B10043g	4850	195.759796	37.244110	45.173534
YALI0_F24959g	28559	4831.532715	919.219055	1114.924561
YALI0_E08712r	0	0.0	0.0	0.0
YALI0_D21076g	713	47.196850	8.979396	10.891146
ENSRNA049654383	0	0.0	0.0	0.0
YALI0_E33737g	1595	164.637009	31.322874	37.991642
YALI0_D24728g	1270	102.255180	19.454472	23.596409
YALI0_D24365g	12131	1008.357178	191.844116	232.688522
YALI0_C00363g	2625	66.896294	12.727297	15.436990
YALI0_C19987g	810	89.106750	16.952929	20.562277
YALI0_A01133g	3508	215.875687	41.071239	49.815479
YALI0_E03410g	1009	60.655952	11.540046	13.996969
YALI0_F06270g	1045	168.210526	32.002750	38.816265
YALI0_E05335g	940	80.110542	15.241362	18.486311
YALI0_A15686g	4180	143.272568	27.258200	33.061581
YALI0_A12309r	0	0.0	0.0	0.0
EFYLIG00000000635	0	0.0	0.0	0.0
YALI0_E15532g	1615	144.210434	27.436630	33.278004
YALI0_B06556g	4650	960.292419	182.699600	221.597107
YALI0_C05841g	188	28.680304	5.456546	6.618268
YALI0_F11803g	1308	96.086609	18.280874	22.172949
YALI0_B09339g	6489	774.652466	147.380844	178.758820
YALI0_F20966g	3667	385.732300	73.387169	89.011589
YALI0_B14399g	12670	1421.837769	270.510498	328.103333
YALI0_C18997g	6949	416.262146	79.195595	96.056664
YALI0_E24607g	33178	1019.140564	193.895706	235.176895
YALI0_D09669g	1134	40.013279	7.612692	9.233465
YALI0_E09064g	393	40.433231	7.692589	9.330374
YALI0_E08360g	1835	142.938278	27.194597	32.984440
YALI0_B01694g	5919	318.815460	60.655960	73.569862
YALI0_A09845g	1877	354.882019	67.517776	81.892586
YALI0_F24167g	160355	15336.945312	2917.917236	3539.154053
YALI0_D07194g	4890	182.515518	34.724331	42.117287
YALI0_F14619g	4728	548.836792	104.418472	126.649597
YALI0_F10505g	1510	157.337463	29.934105	36.307194
YALI0_A05621r	0	0.0	0.0	0.0
YALI0_A17358g	366	24.854546	4.728680	5.735435
YALI0_C05280g	4471	421.627441	80.216362	97.294762
YALI0_F25179g	2969	191.466156	36.427227	44.182735
YALI0_C14344g	53	4.821138	0.917241	1.112526
YALI0_E10417g	255	6.368747	1.211680	1.469652
YALI0_F19690g	2352	485.586914	92.384918	112.054047
YALI0_F16577g	43	4.780353	0.909482	1.103114
YALI0_F08525g	910	161.117538	30.653278	37.179485
ENSRNA049670439	348	134.619308	25.611879	31.064756
YALI0_D02519g	1333	182.338760	34.690704	42.076500
YALI0_D20064g	30	2.016162	0.383583	0.465250
YALI0_E20669g	1115	97.464935	18.543106	22.491011
YALI0_C04642r	0	0.0	0.0	0.0
YALI0_B00418g	9	3.551440	0.675676	0.819530
YALI0_A20460g	13	1.937107	0.368543	0.447007
YALI0_E06061g	16682	595.568054	113.309280	137.433304
YALI0_E08756g	9683	1455.331787	276.882874	335.832397
YALI0_C17303g	117	6.737356	1.281810	1.554712
YALI0_A06259r	0	0.0	0.0	0.0
YALI0_D02101g	8922	517.869568	98.526825	119.503593
ENSRNA049655143	127	177.180557	33.709335	40.886192
YALI0_F20988g	20677	918.332458	174.716537	211.914429
YALI0_E26609g	12546	930.317200	176.996689	214.680023
YALI0_D11308g	1280	160.736313	30.580748	37.091518
EFYLIG00000000601	1	0.539759	0.102691	0.124555
YALI0_F24475g	11684	2383.958496	453.557953	550.122314
YALI0_C22682g	16640	882.182739	167.838913	203.572510
YALI0_F26169g	32849	938.802979	178.611160	216.638199
YALI0_F03300g	1980	145.198990	27.624708	33.506123
YALI0_B20240g	3556	680.195068	129.409927	156.961838
YALI0_D12232g	73	4.545398	0.864781	1.048896
YALI0_C10780g	1097	37.940048	7.218251	8.755047
YALI0_F24981g	348	166.995239	31.771536	38.535824
YALI0_D00385g	8167	576.406006	109.663628	133.011459
YALI0_D03718g	8966	245.389145	46.686298	56.626007
YALI0_B17556g	4471	230.138641	43.784828	53.106800
YALI0_D08448g	2946	252.327393	48.006329	58.227074
YALI0_A09768g	4348	460.292450	87.572540	106.217094
YALI0_E11363g	818	73.356445	13.956367	16.927736
ENSRNA049656278	0	0.0	0.0	0.0
YALI0_F17270g	1272	208.834152	39.731560	48.190575
YALI0_E05071g	161	44.969440	8.555622	10.377150
YALI0_E20713g	21503	1292.730957	245.947403	298.310638
YALI0_F24299g	2642	141.133331	26.851200	32.567932
YALI0_E08085g	11487	4203.492676	799.731873	969.998047
YALI0_E30129g	13360	716.190552	136.258224	165.268143
YALI0_E20911g	2047	246.930710	46.979588	56.981735
YALI0_F22891r	0	0.000000	0.000000	0.000000
YALI0_F05258g	1170	117.496521	22.354198	27.113501
YALI0_F18656g	3951	248.149872	47.211540	57.263069
YALI0_F26279g	445	46.175926	8.785160	10.655559
YALI0_E04378g	1774	261.904968	49.828503	60.437199
YALI0_B22220g	1147	148.978119	28.343704	34.378193
YALI0_A15774g	2307	167.344116	31.837910	38.616333
YALI0_F24783g	1964	56.342995	10.719488	13.001711
YALI0_A09746g	273	49.076649	9.337035	11.324928
EFYLIG00000000488	0	0.0	0.0	0.0
ENSRNA049652334	13	14.952381	2.844752	3.450412
YALI0_C15202g	1305	51.736553	9.843093	11.938728
ENSRNA049652081	0	0.0	0.0	0.0
YALI0_E12463g	5314	499.725311	95.074806	115.316628
ENSRNA049657983	0	0.0	0.0	0.0
YALI0_E22957g	652	59.966301	11.408836	13.837825
YALI0_D00825g	29974	1944.354736	369.921509	448.679352
YALI0_E32747g	658	186.072830	35.401123	42.938171
YALI0_C22880g	853	91.997864	17.502974	21.229429
YALI0_F17160g	484	37.646606	7.162423	8.687332
YALI0_F31581g	2001	295.431274	56.207020	68.173729
YALI0_C05929g	776	91.889671	17.482389	21.204464
YALI0_F15785g	4693	430.469574	81.898621	99.335167
YALI0_E04719g	9568	1138.168457	216.541245	262.643768
YALI0_E29777g	926	241.568481	45.959404	55.744350
EFYLIG00000000109	0	0.000000	0.000000	0.000000
ENSRNA049654720	0	0.0	0.0	0.0
YALI0_E27434g	61	32.865593	6.252815	7.584065
YALI0_B14377g	51235	6227.018066	1184.715942	1436.946899
YALI0_E08162g	10677	702.037781	133.565582	162.002258
YALI0_C02849g	2258	163.108734	31.032110	37.638977
YALI0_D12408g	7380	1762.073120	335.241699	406.616028
YALI0_C07238g	1921	347.650513	66.141953	80.223846
YALI0_E09372g	4896	936.513855	178.175629	216.109955
YALI0_D10131g	9540	561.448730	106.817947	129.559921
YALI0_F14245g	5173	630.905823	120.032440	145.587830
YALI0_E17127g	6455	1248.821899	237.593536	288.178162
YALI0_C11561g	14540	498.970428	94.931190	115.142433
YALI0_B17490g	2232	540.460449	102.824837	124.716675
YALI0_C04840r	0	0.0	0.0	0.0
YALI0_F14751g	375	45.353718	8.628733	10.465825
ENSRNA049652876	1	0.880000	0.167424	0.203069
YALI0_F04103g	1834	823.222229	156.621429	189.966782
YALI0_D17204g	20529	1698.094849	323.069580	391.852417
YALI0_A00957g	123	27.350990	5.203639	6.311515
YALI0_E04334g	684	75.672150	14.396939	17.462109
YALI0_B15400g	1683	89.776543	17.080359	20.716837
YALI0_E34001g	4586	172.686050	32.854237	39.849037
YALI0_F08437g	3921	2094.931152	398.569305	483.426392
EFYLIG00000000269	0	0.0	0.0	0.0
YALI0_D05093g	492	35.241844	6.704906	8.132409
YALI0_D01650r	0	0.0	0.0	0.0
YALI0_E34155g	5454	270.812683	51.523232	62.492741
YALI0_A01419g	1606	432.490662	82.283142	99.801552
YALI0_B09867g	531	9.533069	1.861400	2.257699
YALI0_D16797g	1591	228.898865	43.548954	52.820709
YALI0_C16819g	5242	574.752441	109.349022	132.629883
YALI0_F14597g	4892	165.344040	31.457386	38.154793
YALI0_F09537g	357	66.744446	12.698407	15.401950
YALI0_F14487g	11017	411.636688	78.315582	94.989296
YALI0_C06952g	23364	2197.150879	418.017029	507.014618
YALI0_D23661g	670	71.375526	13.579490	16.470619
YALI0_D01628g	1685	87.242561	16.598259	20.132095
YALI0_C23342g	1146	95.921227	18.249411	22.134785
YALI0_F20812g	4467	631.778748	120.198524	145.789276
YALI0_E21395g	653	34.898781	6.639637	8.053244
YALI0_E26048g	1150	62.139648	11.822326	14.339347
ENSRNA049673295	91	58.737179	11.174992	13.554193
YALI0_E15334g	3249	52.699760	10.026347	12.160998
YALI0_B04400g	1106	138.317230	26.315426	31.918089
YALI0_D05269g	5175	499.150909	94.965523	115.184074
YALI0_B08052g	1075	104.258408	19.835592	24.058672
YALI0_F01947g	1098	82.144447	15.628321	18.955654
YALI0_F08987g	7477	371.818298	70.739967	85.800804
YALI0_F15103g	22	8.611111	1.638299	1.987100
YALI0_E16368g	25569	826.106201	157.170120	190.632278
YALI0_E13530g	2375	262.937500	50.024944	60.675465
YALI0_E01474g	985	44.126057	8.395164	10.182529
YALI0_B02068g	730	125.921364	23.957060	29.057615
EFYLIG00000000623	0	0.000000	0.000000	0.000000
YALI0_B01771g	274	16.761385	3.188923	3.867858
ENSRNA049658146	0	0.0	0.0	0.0
YALI0_E20075r	0	0.0	0.0	0.0
YALI0_C19778g	6678	339.607758	64.611778	78.367889
YALI0_F07711g	69971	4236.796875	806.068115	977.683350
YALI0_C21626g	792	99.856430	18.998100	23.042873
YALI0_C07172g	680	27.780340	5.285325	6.410592
EFYLIG00000000365	5	4.670330	0.888550	1.077725
YALI0_F23873r	25	9.069748	1.725557	2.092935
YALI0_E06457g	68096	1621.318481	308.462524	374.135498
YALI0_E32659g	579	69.790916	13.278010	16.104954
YALI0_A19844g	7325	346.802155	65.980545	80.028069
YALI0_A15862r	0	0.0	0.0	0.0
YALI0_C18645g	1164	40.191452	7.646590	9.274581
YALI0_A01023g	56028	1748.150757	332.592926	403.403320
YALI0_C08459g	509	73.862068	14.052565	17.044415
YALI0_B11198g	2941	102.787468	19.555740	23.719238
YALI0_D16709g	3232	929.820496	176.902191	214.565399
YALI0_A03861g	1568	83.211357	15.831305	19.201855
YALI0_C21450g	10400	1094.069824	208.151306	252.467590
YALI0_F10615g	264	32.580883	6.198647	7.518365
YALI0_F14509g	56259	1465.961304	278.905182	338.285278
YALI0_D08206g	714	42.144444	8.018155	9.725253
YALI0_A18788g	3533	304.152588	57.866287	70.186256
YALI0_F05676g	60406	7943.906250	1511.361084	1833.135986
ENSRNA049656670	10	10.747127	2.044685	2.480007
YALI0_D10175g	3583	628.206604	119.518906	144.964966
YALI0_D01804g	3212	345.420654	65.717712	79.709274
YALI0_E12067g	1247	128.340469	24.417305	29.615850
YALI0_F08811g	5540	182.469666	34.715611	42.106705
YALI0_E07513g	4155	457.117645	86.968521	105.484474
YALI0_A04499g	0	0.0	0.0	0.0
YALI0_F11517g	2416	121.756485	23.164675	28.096531
YALI0_B03762g	8012	399.608368	76.027145	92.213631
YALI0_F23595g	76940	2718.040283	517.118408	627.215027
YALI0_C11693g	10074	856.423950	162.938187	197.628403
YALI0_C19734g	1046	159.322769	30.311815	36.765327
YALI0_E23023g	1166	102.447342	19.491030	23.640751
YALI0_E03828g	5847	667.268921	126.950676	153.978989
YALI0_E15378g	196196	7322.900879	1393.212158	1689.832764
YALI0_D01155g	739	288.984497	54.980495	66.686073
YALI0_D27236g	43832	7891.258301	1501.344604	1820.986938
YALI0_F23485g	24438	1204.566162	229.173676	277.965729
YALI0_A10549g	4010	374.925018	71.331039	86.517708
YALI0_E27984g	216	14.596102	2.776969	3.368197
ENSRNA049670296	1	0.527963	0.100447	0.121833
YALI0_C14256g	7211	361.770996	68.828430	83.482285
YALI0_B21714g	486	101.515526	19.313749	23.425726
YALI0_F06666g	2707	166.559418	31.688618	38.435257
EFYLIG00000000328	0	0.0	0.0	0.0
YALI0_D01001g	682	87.936142	16.730215	20.292147
YALI0_D10769g	4851	497.869904	94.721809	114.888466
YALI0_B21252g	4967	1548.277832	294.566254	357.280640
YALI0_B22396g	214	52.764706	10.038703	12.175984
YALI0_F01672g	14096	549.895325	104.619865	126.893852
YALI0_B20702g	79	5.134241	0.976811	1.184778
YALI0_F17688g	53	23.473684	4.465966	5.416788
YALI0_C18227g	3205	353.760651	67.304428	81.633812
YALI0_E01848g	455	89.994118	17.121754	20.767046
YALI0_B22286g	13590	963.150879	183.243439	222.256714
YALI0_E31240g	350	57.063107	10.856492	13.167884
YALI0_E08888g	6217	538.015442	102.359657	124.152451
YALI0_F16203g	1247	114.622040	21.807316	26.450186
ENSRNA049655020	0	0.0	0.0	0.0
YALI0_E03388g	2372	472.213013	94.212349	114.270538
YALI0_F20438g	873	105.721825	20.114014	24.396370
YALI0_E18854g	6845	566.200684	107.722023	130.656494
YALI0_A19250g	624	98.152649	18.673948	22.649708
ENSRNA049672630	0	0.000000	0.000000	0.000000
YALI0_F20416g	17853	1138.315308	216.569199	262.677673
YALI0_B13464g	7900	275.019989	52.323689	63.463623
YALI0_E21043g	19207	841.956177	160.185654	194.289825
YALI0_D04829g	2647	372.755920	70.918358	86.017166
EFYLIG00000000578	1	0.211799	0.040296	0.048875
YALI0_F08019g	1495	182.293472	34.682087	42.066048
YALI0_E28721g	2112	564.150818	107.332024	130.183456
YALI0_B16016g	2025	146.928162	27.953690	33.905148
YALI0_D06347g	1578	213.295853	40.580418	49.220158
YALI0_B16038g	863	64.507408	12.272801	14.885731
YALI0_D22869g	1161	188.682770	35.897675	43.540440
YALI0_F24431g	11107	1841.973755	350.443115	425.053925
YALI0_E03960g	874	131.251495	24.971140	30.287598
YALI0_A06479g	1673	109.332687	20.800995	25.229614
EFYLIG00000000174	0	0.0	0.0	0.0
YALI0_E17611g	2145	111.758514	21.262520	25.789396
YALI0_F21010g	14761	629.837769	119.829247	145.341385
EFYLIG00000000001	0	0.000000	0.000000	0.000000
YALI0_E33605g	214	40.202980	7.648784	9.277241
YALI0_B17908g	4344	333.131348	63.379616	76.873398
YALI0_E18051g	2009	248.564957	47.290512	57.358856
ENSRNA049658592	0	0.0	0.0	0.0
YALI0_D19030g	1436	352.883209	67.137489	81.431335
YALI0_B23144g	1558	126.071312	23.985588	29.092218
YALI0_E27291g	21	2.642401	0.502728	0.609761
YALI0_A03069g	0	0.0	0.0	0.0
YALI0_F22055g	2240	171.335602	32.597305	39.537407
YALI0_F21219g	1012	224.048248	42.626106	51.701382
YALI0_E14685g	2808	201.080856	38.256462	46.401424
YALI0_E07788g	1473	148.443115	28.241917	34.254738
YALI0_E23881r	0	0.0	0.0	0.0
YALI0_F03927g	1491	46.589291	8.863806	10.750946
YALI0_E25201g	12251	304.146027	57.865040	70.184746
YALI0_F18942g	17673	622.343445	118.403412	143.611984
YALI0_F26653g	1079	117.107529	22.280191	27.023737
YALI0_E30591g	825	45.112736	8.582885	10.410216
YALI0_D13376r	0	0.0	0.0	0.0
YALI0_B02046g	931	80.727661	15.358771	18.628717
YALI0_E16346g	55555	3962.541992	753.890015	914.396301
YALI0_F31735g	6082	229.290787	43.623520	52.911148
YALI0_E30481g	10411	803.876160	152.940765	185.502487
YALI0_E02200g	7777	484.803101	92.235794	111.873177
YALI0_F28523g	625	77.308823	14.708323	17.839787
YALI0_E31152g	420	117.655556	22.384455	27.150198
YALI0_D15224g	0	0.0	0.0	0.0
YALI0_D25828g	889	22.500376	4.280790	5.192187
YALI0_D02343g	858	46.580109	8.862059	10.748827
YALI0_D19580g	5141	252.284256	47.998123	58.217121
ENSRNA049658193	0	0.0	0.0	0.0
YALI0_C09218g	29902	5008.301758	953.065796	1155.977539
YALI0_E10373g	1026	77.917976	14.824218	17.980354
YALI0_E29535g	723	77.455414	14.736214	17.873613
YALI0_F16665g	3080	59.049355	11.234384	13.626231
YALI0_D07568g	2545	659.025635	125.382347	152.076782
YALI0_F27181g	12643	2046.248413	389.307220	472.192352
EFYLIG00000000088	0	0.0	0.0	0.0
YALI0_F18282g	72	10.251064	1.950307	2.365536
YALI0_D09625g	1305	290.942596	55.353031	67.137917
YALI0_D18590g	978	107.530495	20.458120	24.813740
YALI0_B00990g	22912	1201.460571	228.582855	277.249084
YALI0_C15114g	5232	498.937683	94.924957	115.134872
YALI0_D18018g	25	1.705882	0.324551	0.393649
YALI0_F15081g	3343	153.742722	29.250189	35.477673
YALI0_D11440g	255	28.818182	5.482779	6.650084
YALI0_E16192g	1771	484.636871	92.204170	111.834816
YALI0_B06710g	164	9.804618	1.865369	2.262514
YALI0_D18480g	38	3.455373	0.657399	0.797362
YALI0_F19822g	298	36.526764	6.949368	8.428917
YALI0_F32131g	229	21.137363	4.021471	4.877659
YALI0_E18766g	2214	89.578926	17.042763	20.671236
YALI0_D09801g	934	58.758873	11.179118	13.559198
YALI0_E19921g	399	31.320871	5.958925	7.227605
YALI0_C22924g	7954	342.871948	65.232803	79.121140
YALI0_F26301g	6798	589.804993	112.212837	136.103409
YALI0_F00616g	1802	168.981430	32.149414	38.994156
YALI0_A13002r	0	0.0	0.0	0.0
YALI0_F15675g	14	8.274801	1.574315	1.909493
YALI0_D00176g	8096	604.332581	114.976768	139.455811
YALI0_F00638g	3051	242.192612	46.078148	55.888371
YALI0_E35156g	29	0.535603	0.101901	0.123596
YALI0_D16313g	4194	116.287743	22.124224	26.834562
YALI0_C15895g	20961	3814.500977	725.724548	880.234314
YALI0_E16841g	12905	867.164978	164.981720	200.107010
YALI0_B08624g	1647	112.868294	21.473660	26.045490
YALI0_E15620g	7624	210.190277	39.989567	48.503513
YALI0_B16588g	675	50.596138	9.626124	11.675567
YALI0_C06039g	8802	1209.463989	230.105530	279.095917
YALI0_F06512g	1067	134.938599	25.672626	31.138433
YALI0_B20086g	2252	218.435165	41.558193	50.406105
YALI0_E09471g	11445	414.734833	78.905022	95.704224
EFYLIG00000000172	1	0.770270	0.146547	0.177748
YALI0_B10604g	421	29.721989	5.654731	6.858647
YALI0_F24673g	5133	1252.186035	238.233566	288.954468
ENSRNA049671416	2	1.198393	0.227999	0.276541
YALI0_A15279r	0	0.0	0.0	0.0
YALI0_C03982g	106	25.739130	4.896976	5.939562
YALI0_F11121g	22011	2637.060547	501.711700	608.528198
EFYLIG00000000426	0	0.0	0.0	0.0
YALI0_E23243g	6841	825.457581	157.046722	190.482620
ENSRNA049658898	0	0.0	0.0	0.0
YALI0_C07909g	2165	80.076561	15.234898	18.478470
YALI0_B22946g	1093	211.354401	40.211048	48.772148
YALI0_E14927g	8680	640.826050	121.919815	147.877029
YALI0_B22968g	3742	507.856171	96.621735	117.192902
YALI0_C10670g	88	5.684581	1.081515	1.311774
YALI0_D04807g	1677	131.259689	24.972698	30.289490
YALI0_A12507g	620	85.817558	16.327145	19.803263
YALI0_E11539g	19457	545.697571	113.411896	137.557755
YALI0_F03685g	422	30.272921	5.759549	6.985780
YALI0_A08866g	85	34.246986	6.515631	7.902836
YALI0_B13112g	40	1.895360	0.360600	0.437373
YALI0_F31075g	109197	8224.375000	1564.721313	1897.856934
YALI0_D13882g	22407	4544.287109	864.569458	1048.639893
YALI0_B05522g	1111	78.350105	14.906432	18.080072
YALI0_E31766g	548	184.453339	35.093010	42.564457
YALI0_E17479g	11146	1460.023315	277.775482	336.915009
YALI0_A06611g	3206	139.429367	26.527014	32.174721
YALI0_E20185g	8358	327.917236	62.387611	75.670189
YALI0_E29843g	435	102.310020	19.464905	23.609064
YALI0_E06765g	3583	160.183716	30.475615	36.963997
YALI0_B04928g	27089	5010.794922	953.324463	1156.291138
YALI0_D05995g	26237	1448.045410	275.496643	334.151001
YALI0_E19723g	11982	2474.738281	470.829163	571.070618
YALI0_C23034g	2114	98.567406	18.752857	22.745417
ENSRNA049652570	0	0.0	0.0	0.0
YALI0_D25388g	15195	719.495544	136.887009	166.030807
YALI0_A10967g	4484	955.341797	181.757721	220.454697
YALI0_A09383g	1889	121.809067	23.174679	28.108664
YALI0_F05720g	13465	3715.646240	706.917114	857.422607
YALI0_B04312g	73806	4679.474121	890.289368	1079.835571
EFYLIG00000000546	0	0.0	0.0	0.0
YALI0_C16148g	1094	83.677269	15.919946	19.309370
YALI0_F18392g	1366	67.890205	12.916392	15.666347
YALI0_D09493g	3183	401.250946	76.339653	92.592674
YALI0_B18304g	1071	77.503227	14.745309	17.884645
YALI0_B09779g	3473	618.583801	117.688133	142.744415
YALI0_B19558g	1363	156.597275	29.793278	36.136391
YALI0_E00792g	350	16.517063	3.142439	3.811478
YALI0_D07546g	7331	661.627319	125.877335	152.677139
YALI0_F21857g	56	3.899032	0.741807	0.899741
YALI0_C23078g	3614	522.061523	99.324364	120.470932
YALI0_A03135g	33	2.003670	0.381207	0.462367
YALI0_C09163g	682	98.403435	18.721661	22.707579
YALI0_E05775g	720	26.694201	5.078682	6.159954
YALI0_F19140g	1703	196.284241	37.343887	45.294556
YALI0_B18458g	2531	370.362305	70.462959	85.464813
YALI0_D14476g	1359	57.097378	10.863012	13.175792
YALI0_C01199g	2118	199.654526	37.985100	46.072285
YALI0_F02497g	98177	6344.096680	1206.990601	1463.963989
YALI0_F11913g	413	35.725792	6.796979	8.244084
YALI0_F13805g	443	15.330933	2.916773	3.537766
YALI0_D17974g	296	18.362291	3.493502	4.237283
YALI0_C02365g	1702	43.050087	8.190457	9.934239
YALI0_C15323g	558	113.896759	27.899189	33.839043
YALI0_F19382g	1909	71.718758	13.644790	16.549824
YALI0_E33377g	2804	67.855980	12.909881	15.658446
ENSRNA049652772	0	0.0	0.0	0.0
EFYLIG00000000543	1	0.336046	0.063934	0.077546
ENSRNA049653092	0	0.0	0.0	0.0
YALI0_B11374g	14705	2250.284912	428.126038	519.275757
YALI0_E32208g	5358	1554.879272	295.822205	358.803986
YALI0_F17314g	55141	6490.845215	1234.910156	1497.827637
YALI0_B05434g	1210	197.699036	37.613060	45.621037
YALI0_B23485r	1	0.299176	0.056919	0.069038
EFYLIG00000000401	0	0.0	0.0	0.0
YALI0_A13343r	0	0.000000	0.000000	0.000000
YALI0_C22363g	225	15.150301	2.882407	3.496084
YALI0_D09559r	0	0.000000	0.000000	0.000000
YALI0_E05731g	577	84.353622	16.048626	19.465445
YALI0_B15312g	3331	213.592377	40.636833	49.288586
YALI0_D08976g	12382	990.144897	188.379166	228.485855
YALI0_B18062g	3165	434.804077	82.723274	100.335396
YALI0_D15840g	6339	190.362473	36.217247	43.928051
YALI0_A20548g	15	1.201587	0.228607	0.277278
YALI0_E33891g	675	81.150002	15.439123	18.726175
YALI0_E09012g	7399	170.847961	32.504532	39.424881
YALI0_C04323g	7	0.412245	0.078431	0.095130
YALI0_E23925g	8465	800.525269	152.303238	184.729233
ENSRNA049657738	0	0.0	0.0	0.0
YALI0_D05687g	284	78.289619	14.894923	18.066114
YALI0_D20768g	42274	2846.389893	541.537476	656.833008
YALI0_D21428g	161	26.396748	5.022090	6.091314
YALI0_F02409g	3115	171.874863	32.699902	39.661846
YALI0_B02772g	1307	101.618164	19.333277	23.449411
YALI0_E25718g	1211	315.976715	60.115875	72.914795
YALI0_F13651g	697	59.180977	11.259426	13.656604
EFYLIG00000000156	5	5.710844	1.086512	1.317834
YALI0_C20889g	1653	126.145882	23.999775	29.109426
YALI0_A17061g	120	34.898552	6.639594	8.053191
YALI0_C18469g	541	28.558346	5.433343	6.590125
YALI0_D12793g	912	344.981262	65.634117	79.607880
YALI0_F04268g	8577	482.839752	91.862259	111.420113
ENSRNA049672526	0	0.0	0.0	0.0
YALI0_F31449g	2263	66.942001	12.735992	15.447537
ENSRNA049670109	1	0.079045	0.015039	0.018240
YALI0_D02002g	14626	1443.917847	274.711334	333.198517
YALI0_F28875r	0	0.0	0.0	0.0
YALI0_E26763g	41	14.083333	2.679412	3.249870
YALI0_E09845g	9312	268.863922	51.152470	62.043049
YALI0_A02871g	632	121.405724	23.292959	28.252125
YALI0_A08360g	362	22.780275	4.334042	5.256777
YALI0_F14993g	15	3.899471	0.741890	0.899842
YALI0_F19426g	480	23.759314	4.520308	5.482700
YALI0_E00814g	26	2.462335	0.468469	0.568209
YALI0_A09064g	16449	1193.495728	227.067505	275.411102
YALI0_B05478g	1973	188.620270	35.885788	43.526020
YALI0_E30107g	3000	174.714539	33.240162	40.317131
YALI0_A19932g	81	15.243445	2.900129	3.517578
YALI0_E26147g	513	47.032696	8.948165	10.853266
ENSRNA049656544	0	0.0	0.0	0.0
YALI0_B20020g	8449	783.528870	149.069611	180.807144
YALI0_F31031g	787	58.701405	11.168185	13.545938
YALI0_F23683g	5832	290.019684	55.177441	66.924950
YALI0_D14256r	0	0.0	0.0	0.0
YALI0_D02937g	1246	101.809868	19.369747	23.493647
YALI0_C11495g	4641	218.512817	41.572968	50.424023
YALI0_D12056g	4975	845.865295	160.929367	195.191895
YALI0_B12848g	18124	4296.934082	817.509521	991.560547
YALI0_D00759g	2829	218.412842	41.553947	50.400955
YALI0_F00506g	101888	7795.946777	1616.806152	1961.030884
YALI0_E13442g	4222	209.293564	39.818966	48.296589
YALI0_F30723g	450	46.303772	8.809484	10.685060
YALI0_E15686g	1065	243.782318	46.380596	56.255215
YALI0_F28347g	209	25.614355	4.873237	5.910769
YALI0_A18634g	3876	256.872040	48.870968	59.275795
YALI0_F17006g	2072	62.841442	11.955844	14.501293
YALI0_D14872g	21894	1121.906128	213.447266	258.891083
YALI0_F30921g	3897	105.202087	20.015133	24.276436
YALI0_E24189g	387	32.444721	6.172742	7.486945
YALI0_F16918g	2091	152.355698	28.986301	35.157604
YALI0_D19184g	65	5.876476	1.118024	1.356056
YALI0_D16159g	2	0.586207	0.111528	0.135273
YALI0_A06501g	920	164.597519	31.315357	37.982529
YALI0_C18931r	0	0.0	0.0	0.0
YALI0_C20317g	936	115.780640	22.027746	26.717543
YALI0_E26961g	2294	171.976257	32.719196	39.685246
YALI0_A19118g	268	44.995003	8.560485	10.383048
YALI0_E31086g	2122	68.033020	12.943563	15.699303
YALI0_A13849g	0	0.0	0.0	0.0
EFYLIG00000000234	0	0.0	0.0	0.0
EFYLIG00000000383	0	0.0	0.0	0.0
YALI0_E00528g	430	28.666666	5.453952	6.615120
YALI0_F15631g	7395	1091.808472	207.721069	251.945755
YALI0_A07755g	461	61.572750	11.714471	14.208529
YALI0_E04620g	2928	640.019470	121.766350	147.690903
YALI0_C05907g	323	55.757263	10.608049	12.866548
YALI0_F12573g	7291	361.998535	68.871719	83.534790
YALI0_C18183g	3332	184.181717	35.041332	42.501778
YALI0_A12617g	572	81.538139	15.512968	18.815742
YALI0_D18194g	4519	246.576981	46.912292	56.900108
YALI0_F20724g	4346	69.435532	13.210397	16.022943
YALI0_F04884g	1980	57.097687	10.863071	13.175864
YALI0_F32175g	1604	64.903046	12.348073	14.977028
YALI0_C15741g	2740	698.829529	132.955200	161.261917
YALI0_C17215g	163	11.489496	2.185924	2.651316
ENSRNA049670971	1	0.234797	0.044671	0.054182
YALI0_C06424g	1205	78.560722	14.946503	18.128674
YALI0_F10439g	1262	251.325439	47.815704	57.995865
YALI0_D06523g	10088	1363.950439	259.497223	314.745239
YALI0_A18678g	1885	315.638489	60.051525	72.836746
YALI0_F05786g	867	99.851601	18.997179	23.041758
YALI0_F26455g	15922	1024.905640	194.992538	236.507263
YALI0_D04224g	9925	2128.127441	404.885040	491.086761
ENSRNA049670717	2	1.260892	0.239890	0.290963
YALI0_B03806r	0	0.0	0.0	0.0
YALI0_F10054g	1687	253.510422	48.231407	58.500069
ENSRNA049671692	127	67.613754	12.863796	15.602551
ENSRNA049672959	0	0.0	0.0	0.0
YALI0_E31977g	29	19.816326	3.770138	4.572816
YALI0_F22627g	2354	243.029648	46.237396	56.081528
YALI0_D22264g	18861	1123.850708	213.817230	259.339813
YALI0_D13596g	30530	2815.937744	535.743774	649.805847
ENSRNA049656153	0	0.0	0.0	0.0
YALI0_F04081g	3979	307.223236	58.450489	70.894844
YALI0_D15642g	4206	140.589203	26.747677	32.442368
YALI0_B12474g	7559	473.896973	90.160858	109.356476
YALI0_E28985g	725	91.713036	17.448784	21.163702
YALI0_F14025g	3174	102.032158	19.412039	23.544945
YALI0_D13486g	2110	206.419571	39.272179	47.633385
YALI0_A00660g	11671	1730.922119	329.315094	399.427643
YALI0_B20636g	1201	139.820068	26.601347	32.264881
YALI0_C04114g	6075	668.272339	127.141579	154.210541
YALI0_A10252g	1296	106.886429	20.335585	24.665115
YALI0_E16294g	2830	680.414307	129.451630	157.012436
YALI0_E33099g	2127	92.731865	17.642622	21.398808
YALI0_C24442r	1	0.583445	0.111003	0.134636
YALI0_B06446g	21473	275.709686	52.454910	63.622776
